"Atleta","nome","posicao","partidas","faltas_cometidas","finalizações_defendidas","finalizações_fora","faltas_sofridas","gols","impedimentos","roubadas","cartoes_amarelos","passes_errados","assistencias","jogos_sem_sofrer_gols","defesas_dificeis","finalizacoes_trave","gols_sofridos","cartos_vermelhos","gols_contra","penaltis_perdidos","defesas_penalti","mediaFC","mediaFD","mediaFF","mediaFS","mediaG","mediaI","mediaR","mediaCA","mediaPE","mediaA","mediaJSG","mediaDD","mediaFT","mediaGS","mediaCV","mediaGC","mediaPP","mediaDP"
36443,"Dida",1,38,2,0,0,7,0,0,0,2,13,0,13,20,0,26,1,0,0,0,0.0526315789473684,0,0,0.184210526315789,0,0,0,0.0526315789473684,0.342105263157895,0,0.342105263157895,0.526315789473684,0,0.684210526315789,0.0263157894736842,0,0,0
36522,"Alex",4,38,16,27,15,49,6,5,13,5,75,7,0,0,2,0,0,0,0,0,0.421052631578947,0.710526315789474,0.394736842105263,1.28947368421053,0.157894736842105,0.131578947368421,0.342105263157895,0.131578947368421,1.97368421052632,0.184210526315789,0,0,0.0526315789473684,0,0,0,0,0
36540,"Juan",3,38,23,4,10,14,0,0,31,5,33,1,10,0,0,0,0,0,0,0,0.605263157894737,0.105263157894737,0.263157894736842,0.368421052631579,0,0,0.815789473684211,0.131578947368421,0.868421052631579,0.0263157894736842,0.263157894736842,0,0,0,0,0,0,0
36612,"Zé Roberto",4,38,19,5,8,28,0,4,48,8,64,5,0,0,0,0,0,0,0,0,0.5,0.131578947368421,0.210526315789474,0.736842105263158,0,0.105263157894737,1.26315789473684,0.210526315789474,1.68421052631579,0.131578947368421,0,0,0,0,0,0,0,0
36728,"Índio",3,36,3,0,0,0,0,0,1,1,1,0,0,0,0,0,0,0,0,0,0.0833333333333333,0,0,0,0,0,0.0277777777777778,0.0277777777777778,0.0277777777777778,0,0,0,0,0,0,0,0,0
36775,"Marcos Assunção",4,2,4,0,0,1,0,0,7,1,7,0,0,0,0,0,0,0,0,0,2,0,0,0.5,0,0,3.5,0.5,3.5,0,0,0,0,0,0,0,0,0
36790,"Josué",4,38,53,0,2,21,1,0,41,3,42,2,0,0,0,0,0,0,0,0,1.39473684210526,0,0.0526315789473684,0.552631578947368,0.0263157894736842,0,1.07894736842105,0.0789473684210526,1.10526315789474,0.0526315789473684,0,0,0,0,0,0,0,0
36792,"Araújo",5,9,1,1,1,11,0,4,3,0,5,0,0,0,0,0,0,0,0,0,0.111111111111111,0.111111111111111,0.111111111111111,1.22222222222222,0,0.444444444444444,0.333333333333333,0,0.555555555555556,0,0,0,0,0,0,0,0,0
36802,"Ronaldinho Gaúcho",4,12,1,2,0,0,0,0,0,0,6,0,0,0,0,0,0,0,0,0,0.0833333333333333,0.166666666666667,0,0,0,0,0,0,0.5,0,0,0,0,0,0,0,0,0
36856,"Celso Roth",6,17,0,0,0,0,0,0,0,0,0,0,0,0,0,0,0,0,0,0,0,0,0,0,0,0,0,0,0,0,0,0,0,0,0,0,0,0
36934,"Muricy Ramalho",6,38,0,0,0,0,0,0,0,0,0,0,0,0,0,0,0,0,0,0,0,0,0,0,0,0,0,0,0,0,0,0,0,0,0,0,0,0
36940,"Oswaldo De Oliveira",6,18,0,0,0,0,0,0,0,0,0,0,0,0,0,0,0,0,0,0,0,0,0,0,0,0,0,0,0,0,0,0,0,0,0,0,0,0
36943,"Paulo Autuori",6,1,0,0,0,0,0,0,0,0,0,0,0,0,0,0,0,0,0,0,0,0,0,0,0,0,0,0,0,0,0,0,0,0,0,0,0,0
37245,"Guto Ferreira",6,10,0,0,0,0,0,0,0,0,0,0,0,0,0,0,0,0,0,0,0,0,0,0,0,0,0,0,0,0,0,0,0,0,0,0,0,0
37246,"Ney Franco",6,33,0,0,0,0,0,0,0,0,0,0,0,0,0,0,0,0,0,0,0,0,0,0,0,0,0,0,0,0,0,0,0,0,0,0,0,0
37281,"Mano Menezes",6,38,0,0,0,0,0,0,0,0,0,0,0,0,0,0,0,0,0,0,0,0,0,0,0,0,0,0,0,0,0,0,0,0,0,0,0,0
37306,"Gilson Kleina",6,23,0,0,0,0,0,0,0,0,0,0,0,0,0,0,0,0,0,0,0,0,0,0,0,0,0,0,0,0,0,0,0,0,0,0,0,0
37592,"Toninho Cecílio",6,4,0,0,0,0,0,0,0,0,0,0,0,0,0,0,0,0,0,0,0,0,0,0,0,0,0,0,0,0,0,0,0,0,0,0,0,0
37607,"Michel Bastos",2,25,21,7,10,11,1,5,16,3,56,6,7,0,0,0,2,0,0,0,0.84,0.28,0.4,0.44,0.04,0.2,0.64,0.12,2.24,0.24,0.28,0,0,0,0.08,0,0,0
37610,"Ivan",2,9,1,0,1,1,0,0,2,0,3,0,0,0,0,0,0,0,0,0,0.111111111111111,0,0.111111111111111,0.111111111111111,0,0,0.222222222222222,0,0.333333333333333,0,0,0,0,0,0,0,0,0
37613,"Dagoberto",5,38,13,6,10,10,3,4,8,2,32,1,0,0,0,0,0,0,0,0,0.342105263157895,0.157894736842105,0.263157894736842,0.263157894736842,0.0789473684210526,0.105263157894737,0.210526315789474,0.0526315789473684,0.842105263157895,0.0263157894736842,0,0,0,0,0,0,0,0
37621,"Junior Cesar",2,38,33,2,1,54,0,0,34,7,115,0,8,0,0,0,1,0,0,0,0.868421052631579,0.0526315789473684,0.0263157894736842,1.42105263157895,0,0,0.894736842105263,0.184210526315789,3.02631578947368,0,0.210526315789474,0,0,0,0.0263157894736842,0,0,0
37627,"Diguinho",4,38,29,0,2,41,0,0,43,5,60,0,0,0,0,0,0,0,0,0,0.763157894736842,0,0.0526315789473684,1.07894736842105,0,0,1.13157894736842,0.131578947368421,1.57894736842105,0,0,0,0,0,0,0,0,0
37645,"Marcelo Mattos",4,38,17,2,1,8,0,0,9,4,22,0,0,0,0,0,0,0,0,0,0.447368421052632,0.0526315789473684,0.0263157894736842,0.210526315789474,0,0,0.236842105263158,0.105263157894737,0.578947368421053,0,0,0,0,0,0,0,0,0
37652,"Carlos Alberto",4,38,20,2,4,50,0,6,4,3,23,1,0,0,0,0,0,0,0,0,0.526315789473684,0.0526315789473684,0.105263157894737,1.31578947368421,0,0.157894736842105,0.105263157894737,0.0789473684210526,0.605263157894737,0.0263157894736842,0,0,0,0,0,0,0,0
37653,"Nilmar",5,16,9,6,5,3,2,2,4,2,12,0,0,0,0,0,0,0,0,0,0.5625,0.375,0.3125,0.1875,0.125,0.125,0.25,0.125,0.75,0,0,0,0,0,0,0,0,0
37654,"Rosinei",4,38,21,1,2,20,0,2,19,2,29,0,0,0,0,0,0,0,0,0,0.552631578947368,0.0263157894736842,0.0526315789473684,0.526315789473684,0,0.0526315789473684,0.5,0.0526315789473684,0.763157894736842,0,0,0,0,0,0,0,0,0
37655,"Rafael Moura",5,38,40,16,15,22,8,21,9,6,47,3,0,0,1,1,0,0,1,0,1.05263157894737,0.421052631578947,0.394736842105263,0.578947368421053,0.210526315789474,0.552631578947368,0.236842105263158,0.157894736842105,1.23684210526316,0.0789473684210526,0,0,0.0263157894736842,0.0263157894736842,0,0,0.0263157894736842,0
37656,"Fábio",1,38,0,0,0,1,0,0,0,1,14,0,11,39,0,36,0,0,0,0,0,0,0,0.0263157894736842,0,0,0,0.0263157894736842,0.368421052631579,0,0.289473684210526,1.02631578947368,0,0.947368421052632,0,0,0,0
37657,"Edu Dracena",3,38,23,3,5,9,0,5,25,7,32,2,6,0,1,0,0,0,0,0,0.605263157894737,0.0789473684210526,0.131578947368421,0.236842105263158,0,0.131578947368421,0.657894736842105,0.184210526315789,0.842105263157895,0.0526315789473684,0.157894736842105,0,0.0263157894736842,0,0,0,0,0
37659,"Lauro",1,38,0,0,0,0,0,0,0,0,0,0,0,0,0,0,0,0,0,0,0,0,0,0,0,0,0,0,0,0,0,0,0,0,0,0,0,0
37663,"Julio Cesar",2,28,8,0,1,3,0,0,3,1,27,0,4,0,0,0,1,0,0,0,0.285714285714286,0,0.0357142857142857,0.107142857142857,0,0,0.107142857142857,0.0357142857142857,0.964285714285714,0,0.142857142857143,0,0,0,0.0357142857142857,0,0,0
37673,"Alecsandro",5,38,41,10,22,35,7,24,11,6,62,2,0,0,2,0,0,0,0,0,1.07894736842105,0.263157894736842,0.578947368421053,0.921052631578947,0.184210526315789,0.631578947368421,0.289473684210526,0.157894736842105,1.63157894736842,0.0526315789473684,0,0,0.0526315789473684,0,0,0,0,0
37674,"Wagner",4,38,36,10,16,69,7,4,28,6,121,5,0,0,0,0,0,0,0,0,0.947368421052632,0.263157894736842,0.421052631578947,1.81578947368421,0.184210526315789,0.105263157894737,0.736842105263158,0.157894736842105,3.18421052631579,0.131578947368421,0,0,0,0,0,0,0,0
37678,"Rodrigo Souto",4,38,8,2,3,4,0,0,5,2,13,0,0,0,0,0,0,0,0,0,0.210526315789474,0.0526315789473684,0.0789473684210526,0.105263157894737,0,0,0.131578947368421,0.0526315789473684,0.342105263157895,0,0,0,0,0,0,0,0,0
37684,"Chicão",3,36,21,5,3,10,0,1,26,2,50,1,5,0,0,0,1,0,1,0,0.583333333333333,0.138888888888889,0.0833333333333333,0.277777777777778,0,0.0277777777777778,0.722222222222222,0.0555555555555556,1.38888888888889,0.0277777777777778,0.138888888888889,0,0,0,0.0277777777777778,0,0.0277777777777778,0
37688,"Cícero",4,38,27,7,12,54,8,6,6,5,53,2,0,0,2,0,0,0,0,0,0.710526315789474,0.184210526315789,0.315789473684211,1.42105263157895,0.210526315789474,0.157894736842105,0.157894736842105,0.131578947368421,1.39473684210526,0.0526315789473684,0,0,0.0526315789473684,0,0,0,0,0
37694,"Henrique",4,38,62,4,6,38,0,1,73,10,81,1,0,0,0,0,0,0,0,0,1.63157894736842,0.105263157894737,0.157894736842105,1,0,0.0263157894736842,1.92105263157895,0.263157894736842,2.13157894736842,0.0263157894736842,0,0,0,0,0,0,0,0
37701,"Léo Moura",2,38,27,2,2,43,1,1,35,6,107,1,12,0,1,0,1,0,1,0,0.710526315789474,0.0526315789473684,0.0526315789473684,1.13157894736842,0.0263157894736842,0.0263157894736842,0.921052631578947,0.157894736842105,2.81578947368421,0.0263157894736842,0.315789473684211,0,0.0263157894736842,0,0.0263157894736842,0,0.0263157894736842,0
37705,"Juan",2,38,31,5,5,46,0,1,22,4,55,1,2,0,1,0,0,0,2,0,0.815789473684211,0.131578947368421,0.131578947368421,1.21052631578947,0,0.0263157894736842,0.578947368421053,0.105263157894737,1.44736842105263,0.0263157894736842,0.0526315789473684,0,0.0263157894736842,0,0,0,0.0526315789473684,0
37718,"Arouca",4,38,53,3,7,38,1,0,69,0,65,3,0,0,0,0,0,0,0,0,1.39473684210526,0.0789473684210526,0.184210526315789,1,0.0263157894736842,0,1.81578947368421,0,1.71052631578947,0.0789473684210526,0,0,0,0,0,0,0,0
37749,"Harlei",1,38,0,0,0,0,0,0,0,0,0,0,0,0,0,0,0,0,0,0,0,0,0,0,0,0,0,0,0,0,0,0,0,0,0,0,0,0
37762,"Souza",5,32,42,8,6,16,5,20,12,3,43,0,0,0,4,0,1,0,0,0,1.3125,0.25,0.1875,0.5,0.15625,0.625,0.375,0.09375,1.34375,0,0,0,0.125,0,0.03125,0,0,0
37767,"Galatto",1,38,0,0,0,0,0,0,0,0,0,0,2,2,0,6,0,0,0,0,0,0,0,0,0,0,0,0,0,0,0.0526315789473684,0.0526315789473684,0,0.157894736842105,0,0,0,0
37770,"Marcelo Grohe",1,38,0,0,0,8,0,0,0,2,19,0,19,49,0,21,0,0,0,1,0,0,0,0.210526315789474,0,0,0,0.0526315789473684,0.5,0,0.5,1.28947368421053,0,0.552631578947368,0,0,0,0.0263157894736842
37783,"Ramon",4,38,21,10,6,24,2,5,33,1,68,1,0,0,0,0,0,0,0,0,0.552631578947368,0.263157894736842,0.157894736842105,0.631578947368421,0.0526315789473684,0.131578947368421,0.868421052631579,0.0263157894736842,1.78947368421053,0.0263157894736842,0,0,0,0,0,0,0,0
37789,"Bolívar",3,28,31,0,1,18,1,0,18,4,33,0,7,0,0,0,0,0,0,0,1.10714285714286,0,0.0357142857142857,0.642857142857143,0.0357142857142857,0,0.642857142857143,0.142857142857143,1.17857142857143,0,0.25,0,0,0,0,0,0,0
37790,"Ceará",2,38,16,0,2,7,0,1,16,2,43,1,4,0,0,0,0,0,0,0,0.421052631578947,0,0.0526315789473684,0.184210526315789,0,0.0263157894736842,0.421052631578947,0.0526315789473684,1.13157894736842,0.0263157894736842,0.105263157894737,0,0,0,0,0,0,0
37792,"Edinho",4,38,24,0,1,7,0,0,17,4,29,0,0,0,0,0,0,0,0,0,0.631578947368421,0,0.0263157894736842,0.184210526315789,0,0,0.447368421052632,0.105263157894737,0.763157894736842,0,0,0,0,0,0,0,0,0
37794,"Tinga",4,38,6,1,0,2,0,0,4,1,5,0,0,0,0,0,0,0,0,0,0.157894736842105,0.0263157894736842,0,0.0526315789473684,0,0,0.105263157894737,0.0263157894736842,0.131578947368421,0,0,0,0,0,0,0,0,0
37795,"Jorge Wagner",4,11,7,2,3,4,0,0,3,0,11,1,0,0,0,0,0,0,0,0,0.636363636363636,0.181818181818182,0.272727272727273,0.363636363636364,0,0,0.272727272727273,0,1,0.0909090909090909,0,0,0,0,0,0,0,0
37798,"Rafael Sobis",5,38,16,31,11,38,3,6,20,4,73,3,0,0,1,0,0,0,0,0,0.421052631578947,0.815789473684211,0.289473684210526,1,0.0789473684210526,0.157894736842105,0.526315789473684,0.105263157894737,1.92105263157895,0.0789473684210526,0,0,0.0263157894736842,0,0,0,0,0
37816,"Marco Antônio",4,38,36,10,22,23,3,0,27,7,115,3,0,0,3,0,0,0,0,0,0.947368421052632,0.263157894736842,0.578947368421053,0.605263157894737,0.0789473684210526,0,0.710526315789474,0.184210526315789,3.02631578947368,0.0789473684210526,0,0,0.0789473684210526,0,0,0,0,0
37818,"Hugo",4,38,2,0,2,5,0,0,4,0,15,0,0,0,0,0,0,0,0,0,0.0526315789473684,0,0.0526315789473684,0.131578947368421,0,0,0.105263157894737,0,0.394736842105263,0,0,0,0,0,0,0,0,0
37826,"Paulo Baier",4,38,18,22,5,11,4,13,11,3,72,2,0,0,1,0,0,0,0,0,0.473684210526316,0.578947368421053,0.131578947368421,0.289473684210526,0.105263157894737,0.342105263157895,0.289473684210526,0.0789473684210526,1.89473684210526,0.0526315789473684,0,0,0.0263157894736842,0,0,0,0,0
37840,"Gustavo",3,19,24,1,1,12,0,1,6,6,11,0,8,0,0,0,0,0,0,0,1.26315789473684,0.0526315789473684,0.0526315789473684,0.631578947368421,0,0.0526315789473684,0.315789473684211,0.315789473684211,0.578947368421053,0,0.421052631578947,0,0,0,0,0,0,0
37848,"Leonardo",5,38,11,1,6,10,0,4,6,1,11,1,0,0,0,0,0,0,0,0,0.289473684210526,0.0263157894736842,0.157894736842105,0.263157894736842,0,0.105263157894737,0.157894736842105,0.0263157894736842,0.289473684210526,0.0263157894736842,0,0,0,0,0,0,0,0
37851,"Maicosuel",4,30,16,5,6,15,1,0,9,0,26,1,0,0,1,0,0,0,0,0,0.533333333333333,0.166666666666667,0.2,0.5,0.0333333333333333,0,0.3,0,0.866666666666667,0.0333333333333333,0,0,0.0333333333333333,0,0,0,0,0
37899,"Renan",1,38,0,0,0,10,0,0,0,0,18,0,13,63,0,37,0,0,0,1,0,0,0,0.263157894736842,0,0,0,0,0.473684210526316,0,0.342105263157895,1.65789473684211,0,0.973684210526316,0,0,0,0.0263157894736842
37917,"Elano",4,23,2,0,0,3,0,1,2,2,22,0,0,0,0,0,0,0,0,0,0.0869565217391304,0,0,0.130434782608696,0,0.0434782608695652,0.0869565217391304,0.0869565217391304,0.956521739130435,0,0,0,0,0,0,0,0,0
37919,"Luis Fabiano",5,38,45,8,10,49,8,25,18,4,36,2,0,0,1,0,0,0,0,0,1.18421052631579,0.210526315789474,0.263157894736842,1.28947368421053,0.210526315789474,0.657894736842105,0.473684210526316,0.105263157894737,0.947368421052632,0.0526315789473684,0,0,0.0263157894736842,0,0,0,0,0
37941,"Borges",5,38,12,5,5,12,2,2,2,0,13,0,0,0,0,0,0,0,0,0,0.315789473684211,0.131578947368421,0.131578947368421,0.315789473684211,0.0526315789473684,0.0526315789473684,0.0526315789473684,0,0.342105263157895,0,0,0,0,0,0,0,0,0
37958,"Felipe",1,38,0,0,0,1,0,0,0,0,3,0,1,9,0,15,0,0,0,0,0,0,0,0.0263157894736842,0,0,0,0,0.0789473684210526,0,0.0263157894736842,0.236842105263158,0,0.394736842105263,0,0,0,0
37983,"Ricardo Conceição",4,38,33,4,6,25,2,2,16,0,36,0,0,0,0,0,0,0,0,0,0.868421052631579,0.105263157894737,0.157894736842105,0.657894736842105,0.0526315789473684,0.0526315789473684,0.421052631578947,0,0.947368421052632,0,0,0,0,0,0,0,0,0
37984,"Aranha",1,38,1,0,0,4,0,0,0,2,5,0,12,41,0,31,0,0,0,0,0.0263157894736842,0,0,0.105263157894737,0,0,0,0.0526315789473684,0.131578947368421,0,0.315789473684211,1.07894736842105,0,0.815789473684211,0,0,0,0
38021,"Wendel",4,38,42,4,16,57,0,3,20,10,37,0,0,0,0,0,0,0,0,0,1.10526315789474,0.105263157894737,0.421052631578947,1.5,0,0.0789473684210526,0.526315789473684,0.263157894736842,0.973684210526316,0,0,0,0,0,0,0,0,0
38026,"Kleber",2,11,2,1,1,1,0,0,3,0,9,0,2,0,0,0,0,0,0,0,0.181818181818182,0.0909090909090909,0.0909090909090909,0.0909090909090909,0,0,0.272727272727273,0,0.818181818181818,0,0.181818181818182,0,0,0,0,0,0,0
38032,"Cleber Santana",4,23,27,8,16,13,1,3,9,7,75,4,0,0,0,0,0,0,0,0,1.17391304347826,0.347826086956522,0.695652173913043,0.565217391304348,0.0434782608695652,0.130434782608696,0.391304347826087,0.304347826086957,3.26086956521739,0.173913043478261,0,0,0,0,0,0,0,0
38038,"Luiz",1,34,0,0,0,1,0,0,0,2,5,0,7,22,0,15,0,0,0,0,0,0,0,0.0294117647058824,0,0,0,0.0588235294117647,0.147058823529412,0,0.205882352941176,0.647058823529412,0,0.441176470588235,0,0,0,0
38055,"Rogério Ceni",1,38,0,3,2,8,8,0,0,0,61,0,13,39,0,33,0,0,1,0,0,0.0789473684210526,0.0526315789473684,0.210526315789474,0.210526315789474,0,0,0,1.60526315789474,0,0.342105263157895,1.02631578947368,0,0.868421052631579,0,0,0.0263157894736842,0
38061,"Edcarlos",3,38,17,0,4,12,0,0,14,3,32,0,7,0,0,0,0,0,0,0,0.447368421052632,0,0.105263157894737,0.315789473684211,0,0,0.368421052631579,0.0789473684210526,0.842105263157895,0,0.184210526315789,0,0,0,0,0,0,0
38064,"Denilson",4,38,68,5,7,47,0,0,64,4,45,0,0,0,1,0,0,0,0,0,1.78947368421053,0.131578947368421,0.184210526315789,1.23684210526316,0,0,1.68421052631579,0.105263157894737,1.18421052631579,0,0,0,0.0263157894736842,0,0,0,0,0
38067,"Danilo",4,38,10,4,5,13,2,1,10,0,42,3,0,0,0,0,0,0,0,0,0.263157894736842,0.105263157894737,0.131578947368421,0.342105263157895,0.0526315789473684,0.0263157894736842,0.263157894736842,0,1.10526315789474,0.0789473684210526,0,0,0,0,0,0,0,0
38069,"Richarlyson",2,38,34,9,2,34,1,0,18,7,68,2,3,0,0,0,0,1,0,0,0.894736842105263,0.236842105263158,0.0526315789473684,0.894736842105263,0.0263157894736842,0,0.473684210526316,0.184210526315789,1.78947368421053,0.0526315789473684,0.0789473684210526,0,0,0,0,0.0263157894736842,0,0
38074,"Ygor",4,38,10,1,0,3,0,0,10,1,20,0,0,0,0,0,0,0,0,0,0.263157894736842,0.0263157894736842,0,0.0789473684210526,0,0,0.263157894736842,0.0263157894736842,0.526315789473684,0,0,0,0,0,0,0,0,0
38100,"Durval",3,38,24,6,5,11,1,2,28,7,85,3,12,0,0,0,1,0,0,0,0.631578947368421,0.157894736842105,0.131578947368421,0.289473684210526,0.0263157894736842,0.0526315789473684,0.736842105263158,0.184210526315789,2.23684210526316,0.0789473684210526,0.315789473684211,0,0,0,0.0263157894736842,0,0,0
38108,"Jorge Henrique",5,38,22,5,9,25,2,4,8,3,30,2,0,0,0,0,0,0,0,0,0.578947368421053,0.131578947368421,0.236842105263158,0.657894736842105,0.0526315789473684,0.105263157894737,0.210526315789474,0.0789473684210526,0.789473684210526,0.0526315789473684,0,0,0,0,0,0,0,0
38109,"Jefferson",1,38,0,0,0,3,0,0,0,2,11,0,6,45,0,35,0,0,0,0,0,0,0,0.0789473684210526,0,0,0,0.0526315789473684,0.289473684210526,0,0.157894736842105,1.18421052631579,0,0.921052631578947,0,0,0,0
38133,"Julio Cesar",1,9,0,0,0,0,0,0,0,0,0,0,0,0,0,0,0,0,0,0,0,0,0,0,0,0,0,0,0,0,0,0,0,0,0,0,0,0
38138,"Jô",5,38,16,9,9,16,0,9,3,1,29,4,0,0,0,0,0,0,0,0,0.421052631578947,0.236842105263158,0.236842105263158,0.421052631578947,0,0.236842105263158,0.0789473684210526,0.0263157894736842,0.763157894736842,0.105263157894737,0,0,0,0,0,0,0,0
38140,"Fernando Prass",1,38,0,0,0,3,0,0,0,2,12,0,2,32,0,21,0,0,0,0,0,0,0,0.0789473684210526,0,0,0,0.0526315789473684,0.315789473684211,0,0.0526315789473684,0.842105263157895,0,0.552631578947368,0,0,0,0
38162,"Fred",5,38,49,23,22,49,18,28,6,3,72,5,0,0,0,0,1,0,1,0,1.28947368421053,0.605263157894737,0.578947368421053,1.28947368421053,0.473684210526316,0.736842105263158,0.157894736842105,0.0789473684210526,1.89473684210526,0.131578947368421,0,0,0,0,0.0263157894736842,0,0.0263157894736842,0
38184,"André Santos",2,13,15,1,4,8,0,0,27,2,30,0,0,0,0,0,0,0,0,0,1.15384615384615,0.0769230769230769,0.307692307692308,0.615384615384615,0,0,2.07692307692308,0.153846153846154,2.30769230769231,0,0,0,0,0,0,0,0,0
38194,"Antônio Carlos",3,38,17,5,3,15,2,3,11,5,21,0,7,0,0,0,0,0,0,0,0.447368421052632,0.131578947368421,0.0789473684210526,0.394736842105263,0.0526315789473684,0.0789473684210526,0.289473684210526,0.131578947368421,0.552631578947368,0,0.184210526315789,0,0,0,0,0,0,0
38196,"Maicon",4,38,27,5,11,14,1,0,25,5,41,0,0,0,0,0,0,0,0,0,0.710526315789474,0.131578947368421,0.289473684210526,0.368421052631579,0.0263157894736842,0,0.657894736842105,0.131578947368421,1.07894736842105,0,0,0,0,0,0,0,0,0
38219,"Alex",4,38,35,13,16,64,5,5,22,4,87,4,0,0,2,0,0,0,0,0,0.921052631578947,0.342105263157895,0.421052631578947,1.68421052631579,0.131578947368421,0.131578947368421,0.578947368421053,0.105263157894737,2.28947368421053,0.105263157894737,0,0,0.0526315789473684,0,0,0,0,0
38229,"Fábio Santos",2,38,39,5,8,46,4,2,43,5,110,3,14,0,1,0,1,0,1,0,1.02631578947368,0.131578947368421,0.210526315789474,1.21052631578947,0.105263157894737,0.0526315789473684,1.13157894736842,0.131578947368421,2.89473684210526,0.0789473684210526,0.368421052631579,0,0.0263157894736842,0,0.0263157894736842,0,0.0263157894736842,0
38231,"Diego Tardelli",5,38,20,9,19,32,10,22,14,5,111,0,0,0,3,0,1,0,0,0,0.526315789473684,0.236842105263158,0.5,0.842105263157895,0.263157894736842,0.578947368421053,0.368421052631579,0.131578947368421,2.92105263157895,0,0,0,0.0789473684210526,0,0.0263157894736842,0,0,0
38243,"Léo",4,1,0,0,0,0,0,0,0,0,0,0,0,0,0,0,0,0,0,0,0,0,0,0,0,0,0,0,0,0,0,0,0,0,0,0,0,0
38246,"Robinho",5,26,39,10,12,36,4,15,13,1,65,0,0,0,0,0,0,0,0,0,1.5,0.384615384615385,0.461538461538462,1.38461538461538,0.153846153846154,0.576923076923077,0.5,0.0384615384615385,2.5,0,0,0,0,0,0,0,0,0
38279,"Wellington Paulista",5,38,33,9,14,31,3,6,7,5,29,0,0,0,1,0,1,0,0,0,0.868421052631579,0.236842105263158,0.368421052631579,0.815789473684211,0.0789473684210526,0.157894736842105,0.184210526315789,0.131578947368421,0.763157894736842,0,0,0,0.0263157894736842,0,0.0263157894736842,0,0,0
38311,"Márcio Araújo",4,38,33,7,3,49,2,4,47,2,92,0,0,0,0,0,0,0,0,0,0.868421052631579,0.184210526315789,0.0789473684210526,1.28947368421053,0.0526315789473684,0.105263157894737,1.23684210526316,0.0526315789473684,2.42105263157895,0,0,0,0,0,0,0,0,0
38315,"Jadson",4,38,20,8,12,13,4,1,16,3,97,7,0,0,0,0,0,0,0,0,0.526315789473684,0.210526315789474,0.315789473684211,0.342105263157895,0.105263157894737,0.0263157894736842,0.421052631578947,0.0789473684210526,2.55263157894737,0.184210526315789,0,0,0,0,0,0,0,0
38357,"Martinez",4,38,13,1,1,8,0,0,10,3,25,0,0,0,0,0,0,0,0,0,0.342105263157895,0.0263157894736842,0.0263157894736842,0.210526315789474,0,0,0.263157894736842,0.0789473684210526,0.657894736842105,0,0,0,0,0,0,0,0,0
38362,"Rodrigo Silva",5,9,3,1,2,3,0,3,1,1,2,0,0,0,0,0,0,0,0,0,0.333333333333333,0.111111111111111,0.222222222222222,0.333333333333333,0,0.333333333333333,0.111111111111111,0.111111111111111,0.222222222222222,0,0,0,0,0,0,0,0,0
38365,"Henrique",3,30,16,1,0,8,0,1,17,2,24,0,4,0,0,0,0,0,0,0,0.533333333333333,0.0333333333333333,0,0.266666666666667,0,0.0333333333333333,0.566666666666667,0.0666666666666667,0.8,0,0.133333333333333,0,0,0,0,0,0,0
38369,"Ibson",4,25,9,6,4,29,0,3,22,1,60,0,0,0,0,0,0,0,0,0,0.36,0.24,0.16,1.16,0,0.12,0.88,0.04,2.4,0,0,0,0,0,0,0,0,0
38370,"André Bahia",3,38,16,4,6,12,1,2,17,1,29,0,7,0,0,0,0,0,0,0,0.421052631578947,0.105263157894737,0.157894736842105,0.315789473684211,0.0263157894736842,0.0526315789473684,0.447368421052632,0.0263157894736842,0.763157894736842,0,0.184210526315789,0,0,0,0,0,0,0
38374,"Alessandro",5,7,0,0,0,0,0,0,0,0,0,0,0,0,0,0,0,0,0,0,0,0,0,0,0,0,0,0,0,0,0,0,0,0,0,0,0,0
38394,"Thiago Heleno",3,38,40,6,9,29,2,4,25,13,58,1,10,0,0,0,2,0,0,0,1.05263157894737,0.157894736842105,0.236842105263158,0.763157894736842,0.0526315789473684,0.105263157894737,0.657894736842105,0.342105263157895,1.52631578947368,0.0263157894736842,0.263157894736842,0,0,0,0.0526315789473684,0,0,0
38398,"Renato Augusto",4,38,23,13,14,45,1,5,34,1,108,6,0,0,2,0,0,0,0,0,0.605263157894737,0.342105263157895,0.368421052631579,1.18421052631579,0.0263157894736842,0.131578947368421,0.894736842105263,0.0263157894736842,2.84210526315789,0.157894736842105,0,0,0.0526315789473684,0,0,0,0,0
38425,"Fábio Ferreira",3,38,29,5,4,26,1,3,42,5,57,0,9,0,1,0,0,0,0,0,0.763157894736842,0.131578947368421,0.105263157894737,0.684210526315789,0.0263157894736842,0.0789473684210526,1.10526315789474,0.131578947368421,1.5,0,0.236842105263158,0,0.0263157894736842,0,0,0,0,0
38431,"Diego Cavalieri",1,38,0,0,0,2,0,0,0,1,28,0,12,45,0,34,0,0,0,1,0,0,0,0.0526315789473684,0,0,0,0.0263157894736842,0.736842105263158,0,0.315789473684211,1.18421052631579,0,0.894736842105263,0,0,0,0.0263157894736842
38432,"Wendel",2,38,34,0,2,18,0,0,18,4,49,0,4,0,0,0,0,0,0,0,0.894736842105263,0,0.0526315789473684,0.473684210526316,0,0,0.473684210526316,0.105263157894737,1.28947368421053,0,0.105263157894737,0,0,0,0,0,0,0
38435,"Valdivia",4,38,22,6,7,64,0,2,23,5,99,5,0,0,0,0,1,0,0,0,0.578947368421053,0.157894736842105,0.184210526315789,1.68421052631579,0,0.0526315789473684,0.605263157894737,0.131578947368421,2.60526315789474,0.131578947368421,0,0,0,0,0.0263157894736842,0,0,0
38440,"Pierre",4,38,53,4,7,22,0,0,33,5,29,0,0,0,0,0,0,0,0,0,1.39473684210526,0.105263157894737,0.184210526315789,0.578947368421053,0,0,0.868421052631579,0.131578947368421,0.763157894736842,0,0,0,0,0,0,0,0,0
38451,"Carlinhos",2,36,29,6,12,21,0,1,26,5,92,1,8,0,0,0,1,0,0,0,0.805555555555556,0.166666666666667,0.333333333333333,0.583333333333333,0,0.0277777777777778,0.722222222222222,0.138888888888889,2.55555555555556,0.0277777777777778,0.222222222222222,0,0,0,0.0277777777777778,0,0,0
38482,"Marcos Aurélio",5,30,3,11,9,12,1,1,5,1,33,2,0,0,1,0,0,0,0,0,0.1,0.366666666666667,0.3,0.4,0.0333333333333333,0.0333333333333333,0.166666666666667,0.0333333333333333,1.1,0.0666666666666667,0,0,0.0333333333333333,0,0,0,0,0
38507,"Rafael Miranda",4,38,44,4,6,41,1,1,25,4,52,1,0,0,1,0,0,0,0,0,1.15789473684211,0.105263157894737,0.157894736842105,1.07894736842105,0.0263157894736842,0.0263157894736842,0.657894736842105,0.105263157894737,1.36842105263158,0.0263157894736842,0,0,0.0263157894736842,0,0,0,0,0
38515,"Marquinhos",3,38,38,2,8,23,1,2,29,5,34,1,7,0,1,0,0,0,0,0,1,0.0526315789473684,0.210526315789474,0.605263157894737,0.0263157894736842,0.0526315789473684,0.763157894736842,0.131578947368421,0.894736842105263,0.0263157894736842,0.184210526315789,0,0.0263157894736842,0,0,0,0,0
38523,"Edílson",2,28,21,16,18,30,2,0,17,6,74,2,5,0,1,0,0,0,0,0,0.75,0.571428571428571,0.642857142857143,1.07142857142857,0.0714285714285714,0,0.607142857142857,0.214285714285714,2.64285714285714,0.0714285714285714,0.178571428571429,0,0.0357142857142857,0,0,0,0,0
38525,"Cléo",5,36,26,8,9,21,9,8,2,3,30,2,0,0,0,0,0,0,1,0,0.722222222222222,0.222222222222222,0.25,0.583333333333333,0.25,0.222222222222222,0.0555555555555556,0.0833333333333333,0.833333333333333,0.0555555555555556,0,0,0,0,0,0,0.0277777777777778,0
38573,"Nilton",4,38,55,8,17,23,3,0,40,3,48,0,0,0,1,0,0,0,0,0,1.44736842105263,0.210526315789474,0.447368421052632,0.605263157894737,0.0789473684210526,0,1.05263157894737,0.0789473684210526,1.26315789473684,0,0,0,0.0263157894736842,0,0,0,0,0
38579,"Rodrigo Mancha",4,38,38,5,4,18,1,0,24,5,33,0,0,0,1,0,0,0,0,0,1,0.131578947368421,0.105263157894737,0.473684210526316,0.0263157894736842,0,0.631578947368421,0.131578947368421,0.868421052631579,0,0,0,0.0263157894736842,0,0,0,0,0
38588,"Elton",5,24,9,4,4,9,2,3,3,0,6,0,0,0,1,0,0,0,0,0,0.375,0.166666666666667,0.166666666666667,0.375,0.0833333333333333,0.125,0.125,0,0.25,0,0,0,0.0416666666666667,0,0,0,0,0
38602,"Edno",5,22,11,7,10,16,5,4,3,3,35,1,0,0,0,0,0,0,0,0,0.5,0.318181818181818,0.454545454545455,0.727272727272727,0.227272727272727,0.181818181818182,0.136363636363636,0.136363636363636,1.59090909090909,0.0454545454545455,0,0,0,0,0,0,0,0
38613,"Zé Carlos",5,21,13,6,7,15,0,4,3,2,13,0,0,0,0,0,1,0,1,0,0.619047619047619,0.285714285714286,0.333333333333333,0.714285714285714,0,0.19047619047619,0.142857142857143,0.0952380952380952,0.619047619047619,0,0,0,0,0,0.0476190476190476,0,0.0476190476190476,0
38630,"Rivaldo",4,38,34,1,2,20,0,1,21,3,47,0,0,0,0,0,1,0,0,0,0.894736842105263,0.0263157894736842,0.0526315789473684,0.526315789473684,0,0.0263157894736842,0.552631578947368,0.0789473684210526,1.23684210526316,0,0,0,0,0,0.0263157894736842,0,0,0
38638,"Germano",4,38,21,4,4,17,1,3,10,4,22,0,0,0,0,0,0,0,0,0,0.552631578947368,0.105263157894737,0.105263157894737,0.447368421052632,0.0263157894736842,0.0789473684210526,0.263157894736842,0.105263157894737,0.578947368421053,0,0,0,0,0,0,0,0,0
38695,"David",4,38,26,12,11,23,4,0,33,6,154,6,0,0,1,0,0,1,1,0,0.684210526315789,0.315789473684211,0.289473684210526,0.605263157894737,0.105263157894737,0,0.868421052631579,0.157894736842105,4.05263157894737,0.157894736842105,0,0,0.0263157894736842,0,0,0.0263157894736842,0.0263157894736842,0
38763,"Marcinho",4,30,42,11,19,25,3,3,12,2,62,1,0,0,2,0,0,0,0,0,1.4,0.366666666666667,0.633333333333333,0.833333333333333,0.1,0.1,0.4,0.0666666666666667,2.06666666666667,0.0333333333333333,0,0,0.0666666666666667,0,0,0,0,0
38908,"Renato",4,38,6,5,4,9,0,0,10,0,19,0,0,0,0,0,0,0,0,0,0.157894736842105,0.131578947368421,0.105263157894737,0.236842105263158,0,0,0.263157894736842,0,0.5,0,0,0,0,0,0,0,0,0
38919,"Kaká",4,30,29,9,11,43,2,11,19,6,87,1,0,0,1,0,0,0,0,0,0.966666666666667,0.3,0.366666666666667,1.43333333333333,0.0666666666666667,0.366666666666667,0.633333333333333,0.2,2.9,0.0333333333333333,0,0,0.0333333333333333,0,0,0,0,0
38921,"Júlio Baptista",4,38,19,6,5,21,4,0,7,1,21,1,0,0,0,0,0,0,0,0,0.5,0.157894736842105,0.131578947368421,0.552631578947368,0.105263157894737,0,0.184210526315789,0.0263157894736842,0.552631578947368,0.0263157894736842,0,0,0,0,0,0,0,0
38960,"Zé Eduardo",5,38,43,17,22,72,5,21,10,13,59,1,0,0,2,0,0,0,0,0,1.13157894736842,0.447368421052632,0.578947368421053,1.89473684210526,0.131578947368421,0.552631578947368,0.263157894736842,0.342105263157895,1.55263157894737,0.0263157894736842,0,0,0.0526315789473684,0,0,0,0,0
38986,"Aílton",4,21,1,3,1,6,0,0,4,0,8,1,0,0,0,0,0,0,0,0,0.0476190476190476,0.142857142857143,0.0476190476190476,0.285714285714286,0,0,0.19047619047619,0,0.380952380952381,0.0476190476190476,0,0,0,0,0,0,0,0
38990,"Alcides",3,25,1,0,0,0,0,0,1,0,2,0,1,0,0,0,0,0,0,0,0.04,0,0,0,0,0,0.04,0,0.08,0,0.04,0,0,0,0,0,0,0
39137,"Adaílton",3,30,3,0,0,0,0,1,2,0,5,0,0,0,0,0,0,0,0,0,0.1,0,0,0,0,0.0333333333333333,0.0666666666666667,0,0.166666666666667,0,0,0,0,0,0,0,0,0
39230,"Neto Coruja",4,38,18,1,2,7,0,0,16,2,31,0,0,0,0,0,0,0,0,0,0.473684210526316,0.0263157894736842,0.0526315789473684,0.184210526315789,0,0,0.421052631578947,0.0526315789473684,0.815789473684211,0,0,0,0,0,0,0,0,0
39572,"Renato",2,18,0,0,0,0,0,0,0,0,0,0,0,0,0,0,0,0,0,0,0,0,0,0,0,0,0,0,0,0,0,0,0,0,0,0,0,0
39850,"Vagner Mancini",6,38,0,0,0,0,0,0,0,0,0,0,0,0,0,0,0,0,0,0,0,0,0,0,0,0,0,0,0,0,0,0,0,0,0,0,0,0
40006,"Abel Braga",6,38,0,0,0,0,0,0,0,0,0,0,0,0,0,0,0,0,0,0,0,0,0,0,0,0,0,0,0,0,0,0,0,0,0,0,0,0
40025,"Levir Culpi",6,38,0,0,0,0,0,0,0,0,0,0,0,0,0,0,0,0,0,0,0,0,0,0,0,0,0,0,0,0,0,0,0,0,0,0,0,0
40130,"Silvio",1,38,0,0,0,0,0,0,0,0,0,0,0,0,0,0,0,0,0,0,0,0,0,0,0,0,0,0,0,0,0,0,0,0,0,0,0,0
40179,"Kleber",5,9,0,0,0,3,0,0,0,0,1,0,0,0,0,0,0,0,0,0,0,0,0,0.333333333333333,0,0,0,0,0.111111111111111,0,0,0,0,0,0,0,0,0
40904,"Julio Cesar",5,38,11,2,5,11,0,3,1,2,12,0,0,0,0,0,0,0,0,0,0.289473684210526,0.0526315789473684,0.131578947368421,0.289473684210526,0,0.0789473684210526,0.0263157894736842,0.0526315789473684,0.315789473684211,0,0,0,0,0,0,0,0,0
40990,"Dorival Júnior",6,21,0,0,0,0,0,0,0,0,0,0,0,0,0,0,0,0,0,0,0,0,0,0,0,0,0,0,0,0,0,0,0,0,0,0,0,0
41126,"Rodrigo Gral",5,38,0,0,0,0,0,0,0,0,0,0,0,0,0,0,0,0,0,0,0,0,0,0,0,0,0,0,0,0,0,0,0,0,0,0,0,0
41218,"Magrão",1,38,0,0,0,5,0,0,1,0,23,0,13,41,0,46,0,0,0,1,0,0,0,0.131578947368421,0,0,0.0263157894736842,0,0.605263157894737,0,0.342105263157895,1.07894736842105,0,1.21052631578947,0,0,0,0.0263157894736842
41327,"Vanderlei Luxemburgo",6,28,0,0,0,0,0,0,0,0,0,0,0,0,0,0,0,0,0,0,0,0,0,0,0,0,0,0,0,0,0,0,0,0,0,0,0,0
41364,"Lincoln",4,38,6,2,3,17,1,2,5,2,15,0,0,0,1,0,0,0,0,0,0.157894736842105,0.0526315789473684,0.0789473684210526,0.447368421052632,0.0263157894736842,0.0526315789473684,0.131578947368421,0.0526315789473684,0.394736842105263,0,0,0,0.0263157894736842,0,0,0,0,0
41519,"Lúcio",3,38,23,0,3,34,2,4,45,7,65,1,7,0,0,0,0,0,0,0,0.605263157894737,0,0.0789473684210526,0.894736842105263,0.0526315789473684,0.105263157894737,1.18421052631579,0.184210526315789,1.71052631578947,0.0263157894736842,0.184210526315789,0,0,0,0,0,0,0
41946,"Caio Júnior",6,2,0,0,0,0,0,0,0,0,0,0,0,0,0,0,0,0,0,0,0,0,0,0,0,0,0,0,0,0,0,0,0,0,0,0,0,0
42116,"Willian",5,38,30,11,13,40,2,11,19,4,40,6,0,0,1,0,0,0,1,0,0.789473684210526,0.289473684210526,0.342105263157895,1.05263157894737,0.0526315789473684,0.289473684210526,0.5,0.105263157894737,1.05263157894737,0.157894736842105,0,0,0.0263157894736842,0,0,0,0.0263157894736842,0
42118,"Neto Baiano",5,38,60,11,24,30,4,23,15,2,39,1,0,0,1,0,1,0,0,0,1.57894736842105,0.289473684210526,0.631578947368421,0.789473684210526,0.105263157894737,0.605263157894737,0.394736842105263,0.0526315789473684,1.02631578947368,0.0263157894736842,0,0,0.0263157894736842,0,0.0263157894736842,0,0,0
42145,"Egídio",2,38,60,0,7,36,1,5,52,2,173,3,10,0,1,0,0,0,0,0,1.57894736842105,0,0.184210526315789,0.947368421052632,0.0263157894736842,0.131578947368421,1.36842105263158,0.0526315789473684,4.55263157894737,0.0789473684210526,0.263157894736842,0,0.0263157894736842,0,0,0,0,0
42222,"Osvaldo",5,38,21,7,10,35,0,12,13,5,70,9,0,0,1,0,0,0,0,0,0.552631578947368,0.184210526315789,0.263157894736842,0.921052631578947,0,0.315789473684211,0.342105263157895,0.131578947368421,1.84210526315789,0.236842105263158,0,0,0.0263157894736842,0,0,0,0,0
42232,"Amaral",4,38,66,5,7,19,2,1,42,6,44,1,0,0,0,0,0,0,0,0,1.73684210526316,0.131578947368421,0.184210526315789,0.5,0.0526315789473684,0.0263157894736842,1.10526315789474,0.157894736842105,1.15789473684211,0.0263157894736842,0,0,0,0,0,0,0,0
42234,"Cássio",1,38,0,0,0,9,0,0,0,4,11,1,14,26,0,28,0,0,0,1,0,0,0,0.236842105263158,0,0,0,0.105263157894737,0.289473684210526,0.0263157894736842,0.368421052631579,0.684210526315789,0,0.736842105263158,0,0,0,0.0263157894736842
42247,"Danny Morais",3,16,1,0,1,0,0,0,0,0,2,0,0,0,0,0,0,0,0,0,0.0625,0,0.0625,0,0,0,0,0,0.125,0,0,0,0,0,0,0,0,0
42330,"Felipe Garcia",1,38,0,0,0,0,0,0,0,0,4,0,1,2,0,4,0,0,0,0,0,0,0,0,0,0,0,0,0.105263157894737,0,0.0263157894736842,0.0526315789473684,0,0.105263157894737,0,0,0,0
42490,"Jajá",4,38,5,5,8,19,0,1,6,1,29,0,0,0,1,0,0,0,0,0,0.131578947368421,0.131578947368421,0.210526315789474,0.5,0,0.0263157894736842,0.157894736842105,0.0263157894736842,0.763157894736842,0,0,0,0.0263157894736842,0,0,0,0,0
42499,"Bruno",2,38,45,2,1,33,0,0,27,3,84,3,10,0,0,0,1,0,0,0,1.18421052631579,0.0526315789473684,0.0263157894736842,0.868421052631579,0,0,0.710526315789474,0.0789473684210526,2.21052631578947,0.0789473684210526,0.263157894736842,0,0,0,0.0263157894736842,0,0,0
42500,"Fagner",2,38,50,3,5,43,2,3,52,7,127,1,14,0,0,0,1,0,0,0,1.31578947368421,0.0789473684210526,0.131578947368421,1.13157894736842,0.0526315789473684,0.0789473684210526,1.36842105263158,0.184210526315789,3.34210526315789,0.0263157894736842,0.368421052631579,0,0,0,0.0263157894736842,0,0,0
42501,"Rhodolfo",3,38,19,2,3,12,0,1,22,3,56,0,14,0,0,0,0,0,0,0,0.5,0.0526315789473684,0.0789473684210526,0.315789473684211,0,0.0263157894736842,0.578947368421053,0.0789473684210526,1.47368421052632,0,0.368421052631579,0,0,0,0,0,0,0
42540,"Bileu",4,9,0,0,0,0,0,0,0,0,0,0,0,0,0,0,0,0,0,0,0,0,0,0,0,0,0,0,0,0,0,0,0,0,0,0,0,0
43618,"Luiz Felipe Scolari",6,27,0,0,0,0,0,0,0,0,0,0,0,0,0,0,0,0,0,0,0,0,0,0,0,0,0,0,0,0,0,0,0,0,0,0,0,0
44857,"Naldinho",4,38,0,0,0,0,0,0,0,0,0,0,0,0,0,0,0,0,0,0,0,0,0,0,0,0,0,0,0,0,0,0,0,0,0,0,0,0
49641,"Adriano",4,38,19,0,0,17,0,0,27,1,25,0,0,0,0,0,0,0,0,0,0.5,0,0,0.447368421052632,0,0,0.710526315789474,0.0263157894736842,0.657894736842105,0,0,0,0,0,0,0,0,0
49651,"Ernando",3,38,15,4,5,13,0,0,27,1,38,0,11,0,1,0,0,0,0,0,0.394736842105263,0.105263157894737,0.131578947368421,0.342105263157895,0,0,0.710526315789474,0.0263157894736842,1,0,0.289473684210526,0,0.0263157894736842,0,0,0,0,0
49673,"Júlio César",1,20,0,0,0,0,0,0,0,0,0,0,0,0,0,0,0,0,0,0,0,0,0,0,0,0,0,0,0,0,0,0,0,0,0,0,0,0
49674,"Fabrício",2,38,46,3,14,32,4,4,38,7,137,6,13,0,0,0,2,0,0,0,1.21052631578947,0.0789473684210526,0.368421052631579,0.842105263157895,0.105263157894737,0.105263157894737,1,0.184210526315789,3.60526315789474,0.157894736842105,0.342105263157895,0,0,0,0.0526315789473684,0,0,0
49675,"Alexandre Pato",5,38,17,14,18,49,9,18,16,4,83,3,0,0,1,0,0,0,0,0,0.447368421052632,0.368421052631579,0.473684210526316,1.28947368421053,0.236842105263158,0.473684210526316,0.421052631578947,0.105263157894737,2.18421052631579,0.0789473684210526,0,0,0.0263157894736842,0,0,0,0,0
50284,"Wilson",1,38,0,0,0,12,0,0,0,2,13,0,4,43,0,29,0,0,0,0,0,0,0,0.315789473684211,0,0,0,0.0526315789473684,0.342105263157895,0,0.105263157894737,1.13157894736842,0,0.763157894736842,0,0,0,0
50292,"Paulinho Dias",4,38,25,0,10,12,1,0,15,1,51,0,0,0,0,0,0,0,0,0,0.657894736842105,0,0.263157894736842,0.315789473684211,0.0263157894736842,0,0.394736842105263,0.0263157894736842,1.34210526315789,0,0,0,0,0,0,0,0,0
50294,"Guilherme",5,38,24,3,7,22,3,8,8,3,65,2,0,0,0,0,0,0,0,0,0.631578947368421,0.0789473684210526,0.184210526315789,0.578947368421053,0.0789473684210526,0.210526315789474,0.210526315789474,0.0789473684210526,1.71052631578947,0.0526315789473684,0,0,0,0,0,0,0,0
50295,"Felipe Menezes",4,38,8,9,6,14,0,0,13,0,48,2,0,0,1,0,0,0,0,0,0.210526315789474,0.236842105263158,0.157894736842105,0.368421052631579,0,0,0.342105263157895,0,1.26315789473684,0.0526315789473684,0,0,0.0263157894736842,0,0,0,0,0
50301,"Everton",4,38,56,17,23,62,5,23,34,6,122,3,0,0,2,0,0,0,0,0,1.47368421052632,0.447368421052632,0.605263157894737,1.63157894736842,0.131578947368421,0.605263157894737,0.894736842105263,0.157894736842105,3.21052631578947,0.0789473684210526,0,0,0.0526315789473684,0,0,0,0,0
50317,"David Braz",3,38,31,5,7,24,3,1,37,12,104,0,14,0,0,0,0,0,0,0,0.815789473684211,0.131578947368421,0.184210526315789,0.631578947368421,0.0789473684210526,0.0263157894736842,0.973684210526316,0.315789473684211,2.73684210526316,0,0.368421052631579,0,0,0,0,0,0,0
50321,"Vitor Júnior",4,38,8,3,0,4,0,0,4,2,14,0,0,0,0,0,0,0,0,0,0.210526315789474,0.0789473684210526,0,0.105263157894737,0,0,0.105263157894737,0.0526315789473684,0.368421052631579,0,0,0,0,0,0,0,0,0
50324,"Hudson",4,38,28,2,1,18,0,1,32,3,34,1,0,0,0,0,0,0,0,0,0.736842105263158,0.0526315789473684,0.0263157894736842,0.473684210526316,0,0.0263157894736842,0.842105263157895,0.0789473684210526,0.894736842105263,0.0263157894736842,0,0,0,0,0,0,0,0
50326,"Éverton Santos",5,9,7,2,5,14,0,6,3,1,11,1,0,0,0,0,0,0,0,0,0.777777777777778,0.222222222222222,0.555555555555556,1.55555555555556,0,0.666666666666667,0.333333333333333,0.111111111111111,1.22222222222222,0.111111111111111,0,0,0,0,0,0,0,0
50328,"Marcelo Oliveira",4,38,63,0,11,37,0,2,36,9,48,1,0,0,0,0,0,0,0,0,1.65789473684211,0,0.289473684210526,0.973684210526316,0,0.0526315789473684,0.947368421052632,0.236842105263158,1.26315789473684,0.0263157894736842,0,0,0,0,0,0,0,0
50329,"Lulinha",4,9,1,0,0,0,0,0,0,0,0,0,0,0,0,0,0,0,0,0,0.111111111111111,0,0,0,0,0,0,0,0,0,0,0,0,0,0,0,0,0
50346,"Guilherme Santos",2,38,46,5,7,17,2,2,21,8,95,4,7,0,0,0,2,0,0,0,1.21052631578947,0.131578947368421,0.184210526315789,0.447368421052632,0.0526315789473684,0.0526315789473684,0.552631578947368,0.210526315789474,2.5,0.105263157894737,0.184210526315789,0,0,0,0.0526315789473684,0,0,0
50347,"Alan Kardec",5,38,45,10,19,43,9,11,8,3,61,2,0,0,0,0,0,0,0,0,1.18421052631579,0.263157894736842,0.5,1.13157894736842,0.236842105263158,0.289473684210526,0.210526315789474,0.0789473684210526,1.60526315789474,0.0526315789473684,0,0,0,0,0,0,0,0
50348,"Conca",4,38,31,20,23,102,9,2,40,5,193,10,0,0,3,0,0,0,0,0,0.815789473684211,0.526315789473684,0.605263157894737,2.68421052631579,0.236842105263158,0.0526315789473684,1.05263157894737,0.131578947368421,5.07894736842105,0.263157894736842,0,0,0.0789473684210526,0,0,0,0,0
50353,"Titi",3,38,32,0,1,17,1,4,39,8,58,1,7,0,0,0,1,0,0,0,0.842105263157895,0,0.0263157894736842,0.447368421052632,0.0263157894736842,0.105263157894737,1.02631578947368,0.210526315789474,1.52631578947368,0.0263157894736842,0.184210526315789,0,0,0,0.0263157894736842,0,0,0
50358,"Marcelo Moreno",5,38,59,28,39,41,15,14,8,0,48,3,0,0,2,0,1,0,0,0,1.55263157894737,0.736842105263158,1.02631578947368,1.07894736842105,0.394736842105263,0.368421052631579,0.210526315789474,0,1.26315789473684,0.0789473684210526,0,0,0.0526315789473684,0,0.0263157894736842,0,0,0
50361,"Rafael Lima",3,38,32,4,8,22,1,2,40,7,55,0,9,0,0,0,0,1,0,0,0.842105263157895,0.105263157894737,0.210526315789474,0.578947368421053,0.0263157894736842,0.0526315789473684,1.05263157894737,0.184210526315789,1.44736842105263,0,0.236842105263158,0,0,0,0,0.0263157894736842,0,0
50362,"Lucas",2,17,18,1,1,6,0,0,9,2,49,2,3,0,0,0,1,0,0,0,1.05882352941176,0.0588235294117647,0.0588235294117647,0.352941176470588,0,0,0.529411764705882,0.117647058823529,2.88235294117647,0.117647058823529,0.176470588235294,0,0,0,0.0588235294117647,0,0,0
50366,"Jean Carlos",5,35,5,1,0,13,0,4,3,1,3,1,0,0,0,0,0,0,0,0,0.142857142857143,0.0285714285714286,0,0.371428571428571,0,0.114285714285714,0.0857142857142857,0.0285714285714286,0.0857142857142857,0.0285714285714286,0,0,0,0,0,0,0,0
50369,"Carlos Eduardo",4,4,0,0,0,0,0,0,0,0,0,0,0,0,0,0,0,0,0,0,0,0,0,0,0,0,0,0,0,0,0,0,0,0,0,0,0,0
50382,"Charles",4,9,0,0,0,0,0,0,0,0,0,0,0,0,0,0,0,0,0,0,0,0,0,0,0,0,0,0,0,0,0,0,0,0,0,0,0,0
50413,"Anderson Aquino",5,38,0,1,0,1,0,0,0,0,0,0,0,0,0,0,0,0,0,0,0,0.0263157894736842,0,0.0263157894736842,0,0,0,0,0,0,0,0,0,0,0,0,0,0
50417,"Valencia",4,38,25,1,0,11,0,1,20,5,27,0,0,0,0,0,0,0,0,0,0.657894736842105,0.0263157894736842,0,0.289473684210526,0,0.0263157894736842,0.526315789473684,0.131578947368421,0.710526315789474,0,0,0,0,0,0,0,0,0
50418,"Dinei",5,38,42,15,20,39,9,15,24,4,50,2,0,0,0,0,0,0,0,0,1.10526315789474,0.394736842105263,0.526315789473684,1.02631578947368,0.236842105263158,0.394736842105263,0.631578947368421,0.105263157894737,1.31578947368421,0.0526315789473684,0,0,0,0,0,0,0,0
50421,"Wesley",4,38,45,15,16,39,1,2,29,6,109,2,0,0,1,0,1,0,0,0,1.18421052631579,0.394736842105263,0.421052631578947,1.02631578947368,0.0263157894736842,0.0526315789473684,0.763157894736842,0.157894736842105,2.86842105263158,0.0526315789473684,0,0,0.0263157894736842,0,0.0263157894736842,0,0,0
50425,"Roger Gaúcho",4,14,2,1,0,2,0,0,0,0,5,0,0,0,0,0,0,0,0,0,0.142857142857143,0.0714285714285714,0,0.142857142857143,0,0,0,0,0.357142857142857,0,0,0,0,0,0,0,0,0
50427,"Kadu",3,30,29,0,5,21,3,1,33,1,62,0,4,0,0,0,0,1,0,0,0.966666666666667,0,0.166666666666667,0.7,0.1,0.0333333333333333,1.1,0.0333333333333333,2.06666666666667,0,0.133333333333333,0,0,0,0,0.0333333333333333,0,0
50439,"Vilson",3,5,0,0,0,0,0,0,0,0,0,0,0,0,0,0,0,0,0,0,0,0,0,0,0,0,0,0,0,0,0,0,0,0,0,0,0,0
50446,"Chico",3,38,23,2,4,7,1,1,14,2,16,0,2,0,0,0,0,0,0,0,0.605263157894737,0.0526315789473684,0.105263157894737,0.184210526315789,0.0263157894736842,0.0263157894736842,0.368421052631579,0.0526315789473684,0.421052631578947,0,0.0526315789473684,0,0,0,0,0,0,0
50453,"Anderson Pico",2,21,10,4,8,5,1,0,21,0,35,1,3,0,1,0,0,0,0,0,0.476190476190476,0.19047619047619,0.380952380952381,0.238095238095238,0.0476190476190476,0,1,0,1.66666666666667,0.0476190476190476,0.142857142857143,0,0.0476190476190476,0,0,0,0,0
50454,"Serginho",4,38,54,6,7,53,2,3,55,8,61,0,0,0,0,0,0,0,0,0,1.42105263157895,0.157894736842105,0.184210526315789,1.39473684210526,0.0526315789473684,0.0789473684210526,1.44736842105263,0.210526315789474,1.60526315789474,0,0,0,0,0,0,0,0,0
50459,"Léo",3,38,23,1,6,6,2,0,43,3,58,0,8,0,0,0,0,1,0,0,0.605263157894737,0.0263157894736842,0.157894736842105,0.157894736842105,0.0526315789473684,0,1.13157894736842,0.0789473684210526,1.52631578947368,0,0.210526315789474,0,0,0,0,0.0263157894736842,0,0
50461,"Edson",1,38,0,0,0,1,0,0,0,0,1,0,2,5,0,3,0,0,0,0,0,0,0,0.0263157894736842,0,0,0,0,0.0263157894736842,0,0.0526315789473684,0.131578947368421,0,0.0789473684210526,0,0,0,0
50462,"Leandro Almeida",3,38,52,2,11,17,3,3,28,7,57,0,10,0,0,0,1,0,0,0,1.36842105263158,0.0526315789473684,0.289473684210526,0.447368421052632,0.0789473684210526,0.0789473684210526,0.736842105263158,0.184210526315789,1.5,0,0.263157894736842,0,0,0,0.0263157894736842,0,0,0
50532,"Maxi Biancucchi",5,38,15,8,6,39,3,6,15,3,27,0,0,0,0,0,0,0,0,0,0.394736842105263,0.210526315789474,0.157894736842105,1.02631578947368,0.0789473684210526,0.157894736842105,0.394736842105263,0.0789473684210526,0.710526315789474,0,0,0,0,0,0,0,0,0
50645,"Eduardo",2,38,35,9,9,38,0,2,38,5,86,2,7,0,0,0,1,0,0,0,0.921052631578947,0.236842105263158,0.236842105263158,1,0,0.0526315789473684,1,0.131578947368421,2.26315789473684,0.0526315789473684,0.184210526315789,0,0,0,0.0263157894736842,0,0,0
50666,"Diogo",5,38,42,7,17,68,1,4,20,3,61,2,0,0,0,0,0,0,0,0,1.10526315789474,0.184210526315789,0.447368421052632,1.78947368421053,0.0263157894736842,0.105263157894737,0.526315789473684,0.0789473684210526,1.60526315789474,0.0526315789473684,0,0,0,0,0,0,0,0
50880,"Keirrison",5,38,7,1,0,10,3,2,0,1,8,1,0,0,0,0,0,0,0,0,0.184210526315789,0.0263157894736842,0,0.263157894736842,0.0789473684210526,0.0526315789473684,0,0.0263157894736842,0.210526315789474,0.0263157894736842,0,0,0,0,0,0,0,0
50908,"Wellington Bruno",4,35,5,0,1,5,0,0,1,0,19,0,0,0,0,0,0,0,0,0,0.142857142857143,0,0.0285714285714286,0.142857142857143,0,0,0.0285714285714286,0,0.542857142857143,0,0,0,0,0,0,0,0,0
50909,"Bruno Mineiro",5,30,13,5,6,18,2,8,2,3,17,0,0,0,0,0,0,0,0,0,0.433333333333333,0.166666666666667,0.2,0.6,0.0666666666666667,0.266666666666667,0.0666666666666667,0.1,0.566666666666667,0,0,0,0,0,0,0,0,0
50961,"Léo Gago",4,38,34,7,16,11,0,0,26,4,61,0,0,0,0,0,0,0,0,0,0.894736842105263,0.184210526315789,0.421052631578947,0.289473684210526,0,0,0.684210526315789,0.105263157894737,1.60526315789474,0,0,0,0,0,0,0,0,0
51168,"André Paulino",3,38,12,0,0,5,0,0,4,3,11,0,2,0,1,0,0,0,0,0,0.315789473684211,0,0,0.131578947368421,0,0,0.105263157894737,0.0789473684210526,0.289473684210526,0,0.0526315789473684,0,0.0263157894736842,0,0,0,0,0
51175,"Denis",1,38,0,0,0,0,0,0,0,0,5,0,0,8,0,7,0,0,0,0,0,0,0,0,0,0,0,0,0.131578947368421,0,0,0.210526315789474,0,0.184210526315789,0,0,0,0
51193,"Fabinho Alves",5,36,21,4,11,49,0,3,7,0,45,1,0,0,0,0,0,0,0,0,0.583333333333333,0.111111111111111,0.305555555555556,1.36111111111111,0,0.0833333333333333,0.194444444444444,0,1.25,0.0277777777777778,0,0,0,0,0,0,0,0
51194,"Rafael Pereira",3,14,10,1,4,2,1,0,7,2,22,0,0,0,0,0,0,0,0,0,0.714285714285714,0.0714285714285714,0.285714285714286,0.142857142857143,0.0714285714285714,0,0.5,0.142857142857143,1.57142857142857,0,0,0,0,0,0,0,0,0
51293,"Wanderson",4,38,45,2,8,17,0,0,54,2,37,1,0,0,0,0,0,0,0,0,1.18421052631579,0.0526315789473684,0.210526315789474,0.447368421052632,0,0,1.42105263157895,0.0526315789473684,0.973684210526316,0.0263157894736842,0,0,0,0,0,0,0,0
51299,"Emerson",3,38,0,0,0,0,0,0,0,0,0,0,0,0,0,0,0,0,0,0,0,0,0,0,0,0,0,0,0,0,0,0,0,0,0,0,0,0
51318,"Leandro Donizete",4,38,37,1,5,28,0,0,36,8,64,2,0,0,0,0,0,0,0,0,0.973684210526316,0.0263157894736842,0.131578947368421,0.736842105263158,0,0,0.947368421052632,0.210526315789474,1.68421052631579,0.0526315789473684,0,0,0,0,0,0,0,0
51413,"Walter",1,38,0,0,0,0,0,0,0,0,2,0,1,5,0,3,0,0,0,0,0,0,0,0,0,0,0,0,0.0526315789473684,0,0.0263157894736842,0.131578947368421,0,0.0789473684210526,0,0,0,0
51415,"Roger Carvalho",3,25,25,0,3,20,0,1,16,2,37,0,2,0,1,0,0,0,0,0,1,0,0.12,0.8,0,0.04,0.64,0.08,1.48,0,0.08,0,0.04,0,0,0,0,0
51495,"Tiago Alves",3,9,2,0,0,3,0,0,2,0,10,0,1,0,0,0,0,0,0,0,0.222222222222222,0,0,0.333333333333333,0,0,0.222222222222222,0,1.11111111111111,0,0.111111111111111,0,0,0,0,0,0,0
51548,"Giuliano",4,30,11,8,6,12,1,0,9,1,58,2,0,0,0,0,0,0,0,0,0.366666666666667,0.266666666666667,0.2,0.4,0.0333333333333333,0,0.3,0.0333333333333333,1.93333333333333,0.0666666666666667,0,0,0,0,0,0,0,0
51681,"Hélder",4,38,36,11,7,25,2,1,22,2,42,0,0,0,0,0,0,0,0,0,0.947368421052632,0.289473684210526,0.184210526315789,0.657894736842105,0.0526315789473684,0.0263157894736842,0.578947368421053,0.0526315789473684,1.10526315789474,0,0,0,0,0,0,0,0,0
51683,"Bruno Rangel",5,30,12,7,6,26,3,8,4,0,12,0,0,0,1,0,0,0,0,0,0.4,0.233333333333333,0.2,0.866666666666667,0.1,0.266666666666667,0.133333333333333,0,0.4,0,0,0,0.0333333333333333,0,0,0,0,0
51705,"Bruno Rodrigo",3,38,7,2,2,6,0,0,13,1,23,1,3,0,0,0,0,0,0,0,0.184210526315789,0.0526315789473684,0.0526315789473684,0.157894736842105,0,0,0.342105263157895,0.0263157894736842,0.605263157894737,0.0263157894736842,0.0789473684210526,0,0,0,0,0,0,0
51772,"Éverton Ribeiro",4,38,43,18,17,79,6,1,40,4,162,11,0,0,2,0,0,0,0,0,1.13157894736842,0.473684210526316,0.447368421052632,2.07894736842105,0.157894736842105,0.0263157894736842,1.05263157894737,0.105263157894737,4.26315789473684,0.289473684210526,0,0,0.0526315789473684,0,0,0,0,0
51779,"Pedro Botelho",2,38,11,0,7,10,1,2,19,2,32,1,4,0,0,0,0,0,0,0,0.289473684210526,0,0.184210526315789,0.263157894736842,0.0263157894736842,0.0526315789473684,0.5,0.0526315789473684,0.842105263157895,0.0263157894736842,0.105263157894737,0,0,0,0,0,0,0
51781,"Ávine",2,38,0,0,0,0,0,0,0,0,0,0,0,0,0,0,0,0,0,0,0,0,0,0,0,0,0,0,0,0,0,0,0,0,0,0,0,0
51985,"Anderson Pedra",4,38,0,0,0,0,0,0,0,0,0,0,0,0,0,0,0,0,0,0,0,0,0,0,0,0,0,0,0,0,0,0,0,0,0,0,0,0
52190,"Ralf",4,38,28,1,8,58,0,0,51,3,57,0,0,0,2,0,0,1,0,0,0.736842105263158,0.0263157894736842,0.210526315789474,1.52631578947368,0,0,1.34210526315789,0.0789473684210526,1.5,0,0,0,0.0526315789473684,0,0,0.0263157894736842,0,0
52253,"Réver",3,38,8,0,0,7,1,0,2,0,11,0,2,0,1,0,0,0,0,0,0.210526315789474,0,0,0.184210526315789,0.0263157894736842,0,0.0526315789473684,0,0.289473684210526,0,0.0526315789473684,0,0.0263157894736842,0,0,0,0,0
52558,"Bruno César",4,38,1,0,1,5,0,0,1,0,9,0,0,0,0,0,2,0,0,0,0.0263157894736842,0,0.0263157894736842,0.131578947368421,0,0,0.0263157894736842,0,0.236842105263158,0,0,0,0,0,0.0526315789473684,0,0,0
52618,"Anderson Martins",3,30,19,2,8,8,1,2,17,2,39,0,4,0,1,0,0,0,0,0,0.633333333333333,0.0666666666666667,0.266666666666667,0.266666666666667,0.0333333333333333,0.0666666666666667,0.566666666666667,0.0666666666666667,1.3,0,0.133333333333333,0,0.0333333333333333,0,0,0,0,0
52897,"Nivaldo",1,38,0,0,0,0,0,0,0,0,1,0,0,1,0,5,0,0,0,0,0,0,0,0,0,0,0,0,0.0263157894736842,0,0,0.0263157894736842,0,0.131578947368421,0,0,0,0
52950,"Victor",1,38,1,0,0,5,0,0,0,4,16,0,11,45,0,33,1,0,0,0,0.0263157894736842,0,0,0.131578947368421,0,0,0,0.105263157894737,0.421052631578947,0,0.289473684210526,1.18421052631579,0,0.868421052631579,0.0263157894736842,0,0,0
53472,"Fahel",4,38,43,1,10,20,3,0,22,9,47,1,0,0,0,0,1,1,0,0,1.13157894736842,0.0263157894736842,0.263157894736842,0.526315789473684,0.0789473684210526,0,0.578947368421053,0.236842105263158,1.23684210526316,0.0263157894736842,0,0,0,0,0.0263157894736842,0.0263157894736842,0,0
54189,"Tiago Saletti",3,38,0,0,0,0,0,1,0,0,0,0,0,0,0,0,0,0,0,0,0,0,0,0,0,0.0263157894736842,0,0,0,0,0,0,0,0,0,0,0,0
54250,"Maylson",4,38,6,1,0,4,0,0,1,0,6,0,0,0,0,0,0,0,0,0,0.157894736842105,0.0263157894736842,0,0.105263157894737,0,0,0.0263157894736842,0,0.157894736842105,0,0,0,0,0,0,0,0,0
54395,"Elias",4,30,42,17,12,25,3,0,49,7,86,2,0,0,0,0,0,0,0,0,1.4,0.566666666666667,0.4,0.833333333333333,0.1,0,1.63333333333333,0.233333333333333,2.86666666666667,0.0666666666666667,0,0,0,0,0,0,0,0
54424,"Willians",4,38,67,5,4,70,0,1,90,10,116,0,0,0,0,0,0,0,0,0,1.76315789473684,0.131578947368421,0.105263157894737,1.84210526315789,0,0.0263157894736842,2.36842105263158,0.263157894736842,3.05263157894737,0,0,0,0,0,0,0,0,0
55348,"Luis Ricardo",2,38,4,0,1,9,0,1,5,1,15,0,0,0,0,0,0,0,0,0,0.105263157894737,0,0.0263157894736842,0.236842105263158,0,0.0263157894736842,0.131578947368421,0.0263157894736842,0.394736842105263,0,0,0,0,0,0,0,0,0
56102,"João Paulo",4,38,21,0,3,13,0,0,8,3,37,0,0,0,0,0,0,0,0,0,0.552631578947368,0,0.0789473684210526,0.342105263157895,0,0,0.210526315789474,0.0789473684210526,0.973684210526316,0,0,0,0,0,0,0,0,0
60752,"Cristóvão Borges",6,38,0,0,0,0,0,0,0,0,0,0,0,0,0,0,0,0,0,0,0,0,0,0,0,0,0,0,0,0,0,0,0,0,0,0,0,0
60780,"Vinícius Eutrópio",6,2,0,0,0,0,0,0,0,0,0,0,0,0,0,0,0,0,0,0,0,0,0,0,0,0,0,0,0,0,0,0,0,0,0,0,0,0
60784,"Rafael Carioca",4,25,9,0,2,20,0,0,11,1,18,0,0,0,0,0,0,0,0,0,0.36,0,0.08,0.8,0,0,0.44,0.04,0.72,0,0,0,0,0,0,0,0,0
60788,"Marquinhos",5,38,11,16,16,34,6,7,20,3,78,3,0,0,0,0,0,0,0,0,0.289473684210526,0.421052631578947,0.421052631578947,0.894736842105263,0.157894736842105,0.184210526315789,0.526315789473684,0.0789473684210526,2.05263157894737,0.0789473684210526,0,0,0,0,0,0,0,0
60791,"Derley",4,7,3,0,0,3,0,0,1,0,5,0,0,0,0,0,0,0,0,0,0.428571428571429,0,0,0.428571428571429,0,0,0.142857142857143,0,0.714285714285714,0,0,0,0,0,0,0,0,0
60795,"Renan",1,38,0,0,0,0,0,0,0,0,1,0,1,11,0,4,0,0,0,0,0,0,0,0,0,0,0,0,0.0263157894736842,0,0.0263157894736842,0.289473684210526,0,0.105263157894737,0,0,0,0
60803,"Souza",4,38,47,1,4,30,3,0,54,6,87,3,0,0,0,0,0,0,0,0,1.23684210526316,0.0263157894736842,0.105263157894737,0.789473684210526,0.0789473684210526,0,1.42105263157895,0.157894736842105,2.28947368421053,0.0789473684210526,0,0,0,0,0,0,0,0
60819,"Dedé",3,38,30,4,11,17,2,0,39,6,75,2,8,0,0,0,0,1,0,0,0.789473684210526,0.105263157894737,0.289473684210526,0.447368421052632,0.0526315789473684,0,1.02631578947368,0.157894736842105,1.97368421052632,0.0526315789473684,0.210526315789474,0,0,0,0,0.0263157894736842,0,0
60822,"Renan Oliveira",4,16,2,1,2,2,0,0,8,0,18,0,0,0,0,0,0,0,0,0,0.125,0.0625,0.125,0.125,0,0,0.5,0,1.125,0,0,0,0,0,0,0,0,0
60825,"Felipe Azevedo",5,38,36,10,14,38,3,3,15,3,63,3,0,0,0,0,0,0,0,0,0.947368421052632,0.263157894736842,0.368421052631579,1,0.0789473684210526,0.0789473684210526,0.394736842105263,0.0789473684210526,1.65789473684211,0.0789473684210526,0,0,0,0,0,0,0,0
60834,"Luan",5,9,9,2,2,8,0,0,3,1,9,0,0,0,0,0,1,0,0,0,1,0.222222222222222,0.222222222222222,0.888888888888889,0,0,0.333333333333333,0.111111111111111,1,0,0,0,0,0,0.111111111111111,0,0,0
60852,"Uendel",2,38,0,0,1,3,0,1,5,0,11,1,1,0,0,0,0,0,0,0,0,0,0.0263157894736842,0.0789473684210526,0,0.0263157894736842,0.131578947368421,0,0.289473684210526,0.0263157894736842,0.0263157894736842,0,0,0,0,0,0,0
60858,"Moacir",2,38,1,1,2,4,0,0,4,0,7,0,1,0,0,0,0,0,0,0,0.0263157894736842,0.0263157894736842,0.0526315789473684,0.105263157894737,0,0,0.105263157894737,0,0.184210526315789,0,0.0263157894736842,0,0,0,0,0,0,0
60948,"Diones",4,38,19,1,4,13,2,1,21,2,26,1,0,0,0,0,0,0,0,0,0.5,0.0263157894736842,0.105263157894737,0.342105263157895,0.0526315789473684,0.0263157894736842,0.552631578947368,0.0526315789473684,0.684210526315789,0.0263157894736842,0,0,0,0,0,0,0,0
60969,"Patric",2,38,50,12,18,33,7,11,39,6,161,2,12,0,2,0,0,0,0,0,1.31578947368421,0.315789473684211,0.473684210526316,0.868421052631579,0.184210526315789,0.289473684210526,1.02631578947368,0.157894736842105,4.23684210526316,0.0526315789473684,0.315789473684211,0,0.0526315789473684,0,0,0,0,0
61033,"Rodriguinho",4,38,16,4,8,13,2,3,6,2,34,0,0,0,0,0,0,0,0,0,0.421052631578947,0.105263157894737,0.210526315789474,0.342105263157895,0.0526315789473684,0.0789473684210526,0.157894736842105,0.0526315789473684,0.894736842105263,0,0,0,0,0,0,0,0,0
61106,"Cicinho",2,38,60,0,6,63,0,2,84,9,107,2,12,0,1,0,1,1,0,0,1.57894736842105,0,0.157894736842105,1.65789473684211,0,0.0526315789473684,2.21052631578947,0.236842105263158,2.81578947368421,0.0526315789473684,0.315789473684211,0,0.0263157894736842,0,0.0263157894736842,0.0263157894736842,0,0
61115,"Jobson",5,16,9,8,4,12,0,5,1,1,22,0,0,0,0,0,0,0,1,0,0.5625,0.5,0.25,0.75,0,0.3125,0.0625,0.0625,1.375,0,0,0,0,0,0,0,0.0625,0
61135,"Ananias",5,38,28,5,4,29,2,2,22,2,23,0,0,0,2,0,0,0,0,0,0.736842105263158,0.131578947368421,0.105263157894737,0.763157894736842,0.0526315789473684,0.0526315789473684,0.578947368421053,0.0526315789473684,0.605263157894737,0,0,0,0.0526315789473684,0,0,0,0,0
61149,"Lucca",5,38,46,9,23,65,5,14,16,5,70,5,0,0,1,0,0,0,0,0,1.21052631578947,0.236842105263158,0.605263157894737,1.71052631578947,0.131578947368421,0.368421052631579,0.421052631578947,0.131578947368421,1.84210526315789,0.131578947368421,0,0,0.0263157894736842,0,0,0,0,0
61211,"Carlos Cesar",2,7,0,0,0,0,0,0,0,0,0,0,0,0,0,0,0,0,0,0,0,0,0,0,0,0,0,0,0,0,0,0,0,0,0,0,0,0
61985,"Airton",4,38,55,3,3,38,0,1,57,5,60,0,0,0,0,0,2,0,0,0,1.44736842105263,0.0789473684210526,0.0789473684210526,1,0,0.0263157894736842,1.5,0.131578947368421,1.57894736842105,0,0,0,0,0,0.0526315789473684,0,0,0
62003,"Bruno",1,38,0,0,0,0,0,0,0,0,0,0,0,1,0,3,0,0,0,0,0,0,0,0,0,0,0,0,0,0,0,0.0263157894736842,0,0.0789473684210526,0,0,0,0
62009,"Camilo",4,38,24,9,25,33,4,10,21,2,73,2,0,0,1,0,0,0,0,0,0.631578947368421,0.236842105263158,0.657894736842105,0.868421052631579,0.105263157894737,0.263157894736842,0.552631578947368,0.0526315789473684,1.92105263157895,0.0526315789473684,0,0,0.0263157894736842,0,0,0,0,0
62012,"Ciro",5,38,0,0,0,0,0,0,0,0,0,0,0,0,0,0,0,0,0,0,0,0,0,0,0,0,0,0,0,0,0,0,0,0,0,0,0,0
62023,"D'Alessandro",4,38,18,25,30,95,6,2,23,7,130,10,0,0,3,0,0,0,1,0,0.473684210526316,0.657894736842105,0.789473684210526,2.5,0.157894736842105,0.0526315789473684,0.605263157894737,0.184210526315789,3.42105263157895,0.263157894736842,0,0,0.0789473684210526,0,0,0,0.0263157894736842,0
62047,"Jean",4,38,44,11,18,28,2,1,48,4,86,1,0,0,0,0,0,0,0,0,1.15789473684211,0.289473684210526,0.473684210526316,0.736842105263158,0.0526315789473684,0.0263157894736842,1.26315789473684,0.105263157894737,2.26315789473684,0.0263157894736842,0,0,0,0,0,0,0,0
62070,"Marcelo Cordeiro",2,11,0,0,0,0,0,0,0,0,0,0,0,0,0,0,0,0,0,0,0,0,0,0,0,0,0,0,0,0,0,0,0,0,0,0,0,0
62086,"Pará",2,38,42,4,6,37,0,0,48,7,108,1,18,0,1,0,0,0,0,0,1.10526315789474,0.105263157894737,0.157894736842105,0.973684210526316,0,0,1.26315789473684,0.184210526315789,2.84210526315789,0.0263157894736842,0.473684210526316,0,0.0263157894736842,0,0,0,0,0
62104,"Robinho",4,38,42,12,12,41,3,2,31,5,120,4,0,0,1,0,1,0,0,0,1.10526315789474,0.315789473684211,0.315789473684211,1.07894736842105,0.0789473684210526,0.0526315789473684,0.815789473684211,0.131578947368421,3.15789473684211,0.105263157894737,0,0,0.0263157894736842,0,0.0263157894736842,0,0,0
62119,"Tiago Luis",5,38,17,12,38,17,5,12,11,0,62,4,0,0,0,0,1,0,0,0,0.447368421052632,0.315789473684211,1,0.447368421052632,0.131578947368421,0.315789473684211,0.289473684210526,0,1.63157894736842,0.105263157894737,0,0,0,0,0.0263157894736842,0,0,0
62121,"Vanderlei",1,38,1,0,0,9,0,0,1,2,16,0,13,52,0,45,0,0,0,3,0.0263157894736842,0,0,0.236842105263158,0,0,0.0263157894736842,0.0526315789473684,0.421052631578947,0,0.342105263157895,1.36842105263158,0,1.18421052631579,0,0,0,0.0789473684210526
62127,"Wallyson",5,38,13,7,14,17,4,4,13,0,76,2,0,0,1,0,0,0,0,0,0.342105263157895,0.184210526315789,0.368421052631579,0.447368421052632,0.105263157894737,0.105263157894737,0.342105263157895,0,2,0.0526315789473684,0,0,0.0263157894736842,0,0,0,0,0
62128,"Walter",5,38,26,7,13,16,2,6,7,1,59,0,0,0,0,0,0,0,0,0,0.684210526315789,0.184210526315789,0.342105263157895,0.421052631578947,0.0526315789473684,0.157894736842105,0.184210526315789,0.0263157894736842,1.55263157894737,0,0,0,0,0,0,0,0,0
62129,"Wellington",4,38,51,3,5,16,1,0,31,6,46,0,0,0,1,0,0,0,0,0,1.34210526315789,0.0789473684210526,0.131578947368421,0.421052631578947,0.0263157894736842,0,0.815789473684211,0.157894736842105,1.21052631578947,0,0,0,0.0263157894736842,0,0,0,0,0
62130,"William Matheus",2,12,7,0,1,14,0,0,8,1,24,3,3,0,0,0,0,0,0,0,0.583333333333333,0,0.0833333333333333,1.16666666666667,0,0,0.666666666666667,0.0833333333333333,2,0.25,0.25,0,0,0,0,0,0,0
62136,"Marcelo Oliveira",6,38,0,0,0,0,0,0,0,0,0,0,0,0,0,0,0,0,0,0,0,0,0,0,0,0,0,0,0,0,0,0,0,0,0,0,0,0
62137,"Enderson Moreira",6,33,0,0,0,0,0,0,0,0,0,0,0,0,0,0,0,0,0,0,0,0,0,0,0,0,0,0,0,0,0,0,0,0,0,0,0,0
62139,"Ricardo Drubscky",6,38,0,0,0,0,0,0,0,0,0,0,0,0,0,0,0,0,0,0,0,0,0,0,0,0,0,0,0,0,0,0,0,0,0,0,0,0
62971,"Nirley",3,38,46,1,3,22,0,2,17,5,31,0,8,0,0,0,2,1,0,0,1.21052631578947,0.0263157894736842,0.0789473684210526,0.578947368421053,0,0.0526315789473684,0.447368421052632,0.131578947368421,0.815789473684211,0,0.210526315789474,0,0,0,0.0526315789473684,0.0263157894736842,0,0
62974,"Werley",3,38,5,1,3,13,0,1,13,1,22,1,5,0,0,0,0,0,0,0,0.131578947368421,0.0263157894736842,0.0789473684210526,0.342105263157895,0,0.0263157894736842,0.342105263157895,0.0263157894736842,0.578947368421053,0.0263157894736842,0.131578947368421,0,0,0,0,0,0,0
62976,"Everton Silva",2,9,0,0,0,0,0,0,0,0,0,0,0,0,0,0,0,0,0,0,0,0,0,0,0,0,0,0,0,0,0,0,0,0,0,0,0,0
62977,"Paulo Henrique Ganso",4,38,39,8,16,71,5,1,53,9,165,8,0,0,0,0,0,0,0,0,1.02631578947368,0.210526315789474,0.421052631578947,1.86842105263158,0.131578947368421,0.0263157894736842,1.39473684210526,0.236842105263158,4.34210526315789,0.210526315789474,0,0,0,0,0,0,0,0
63003,"Uelliton",4,38,26,9,9,48,0,1,28,6,73,1,0,0,2,0,1,0,0,0,0.684210526315789,0.236842105263158,0.236842105263158,1.26315789473684,0,0.0263157894736842,0.736842105263158,0.157894736842105,1.92105263157895,0.0263157894736842,0,0,0.0526315789473684,0,0.0263157894736842,0,0,0
63005,"Welinton",3,38,29,3,8,27,0,0,30,4,57,0,8,0,1,0,0,0,0,0,0.763157894736842,0.0789473684210526,0.210526315789474,0.710526315789474,0,0,0.789473684210526,0.105263157894737,1.5,0,0.210526315789474,0,0.0263157894736842,0,0,0,0,0
63008,"Rafael Toloi",3,30,18,1,7,12,1,1,33,3,44,0,5,0,0,0,0,0,0,0,0.6,0.0333333333333333,0.233333333333333,0.4,0.0333333333333333,0.0333333333333333,1.1,0.1,1.46666666666667,0,0.166666666666667,0,0,0,0,0,0,0
63013,"Marcos Rocha",2,38,38,3,2,25,0,6,52,4,115,4,7,0,0,0,0,0,0,0,1,0.0789473684210526,0.0526315789473684,0.657894736842105,0,0.157894736842105,1.36842105263158,0.105263157894737,3.02631578947368,0.105263157894737,0.184210526315789,0,0,0,0,0,0,0
63014,"Gil",4,38,29,4,7,30,0,0,15,6,33,1,0,0,0,0,0,0,0,0,0.763157894736842,0.105263157894737,0.184210526315789,0.789473684210526,0,0,0.394736842105263,0.157894736842105,0.868421052631579,0.0263157894736842,0,0,0,0,0,0,0,0
63018,"Guilherme Andrade",2,38,7,0,0,9,0,0,2,0,8,0,4,0,0,0,0,0,0,0,0.184210526315789,0,0,0.236842105263158,0,0,0.0526315789473684,0,0.210526315789474,0,0.105263157894737,0,0,0,0,0,0,0
63031,"Valmir Lucas",3,38,10,1,0,3,0,0,11,2,33,0,3,0,0,0,0,0,0,0,0.263157894736842,0.0263157894736842,0,0.0789473684210526,0,0,0.289473684210526,0.0526315789473684,0.868421052631579,0,0.0789473684210526,0,0,0,0,0,0,0
63034,"Douglas",1,9,0,0,0,0,0,0,0,0,0,0,0,0,0,0,0,0,0,0,0,0,0,0,0,0,0,0,0,0,0,0,0,0,0,0,0,0
63058,"Willian Farias",4,38,22,1,0,5,0,0,23,3,13,0,0,0,1,0,0,0,0,0,0.578947368421053,0.0263157894736842,0,0.131578947368421,0,0,0.605263157894737,0.0789473684210526,0.342105263157895,0,0,0,0.0263157894736842,0,0,0,0,0
63082,"Rodolfo",1,38,0,0,0,0,0,0,0,0,0,0,0,0,0,0,0,0,0,0,0,0,0,0,0,0,0,0,0,0,0,0,0,0,0,0,0,0
63110,"Alan Ruschel",2,38,9,0,1,11,0,0,8,2,13,1,3,0,0,0,1,0,0,0,0.236842105263158,0,0.0263157894736842,0.289473684210526,0,0,0.210526315789474,0.0526315789473684,0.342105263157895,0.0263157894736842,0.0789473684210526,0,0,0,0.0263157894736842,0,0,0
63119,"Juninho",2,38,27,4,4,12,1,0,23,8,56,0,6,0,0,0,0,0,0,0,0.710526315789474,0.105263157894737,0.105263157894737,0.315789473684211,0.0263157894736842,0,0.605263157894737,0.210526315789474,1.47368421052632,0,0.157894736842105,0,0,0,0,0,0,0
63172,"Paulão",3,38,29,3,5,18,2,2,33,3,58,1,10,0,0,0,1,0,0,0,0.763157894736842,0.0789473684210526,0.131578947368421,0.473684210526316,0.0526315789473684,0.0526315789473684,0.868421052631579,0.0789473684210526,1.52631578947368,0.0263157894736842,0.263157894736842,0,0,0,0.0263157894736842,0,0,0
63194,"Carlinhos",2,38,55,5,2,67,1,4,44,8,97,6,10,0,0,0,0,0,0,0,1.44736842105263,0.131578947368421,0.0526315789473684,1.76315789473684,0.0263157894736842,0.105263157894737,1.15789473684211,0.210526315789474,2.55263157894737,0.157894736842105,0.263157894736842,0,0,0,0,0,0,0
63208,"Zezinho",4,38,28,3,5,28,1,1,10,2,28,2,0,0,0,0,0,0,0,0,0.736842105263158,0.0789473684210526,0.131578947368421,0.736842105263158,0.0263157894736842,0.0263157894736842,0.263157894736842,0.0526315789473684,0.736842105263158,0.0526315789473684,0,0,0,0,0,0,0,0
63219,"Luan",5,38,26,13,14,12,5,3,24,7,61,2,0,0,0,0,0,0,0,0,0.684210526315789,0.342105263157895,0.368421052631579,0.315789473684211,0.131578947368421,0.0789473684210526,0.631578947368421,0.184210526315789,1.60526315789474,0.0526315789473684,0,0,0,0,0,0,0,0
63283,"Esquerdinha",2,36,19,11,16,73,2,0,21,4,76,6,10,0,1,0,0,0,0,0,0.527777777777778,0.305555555555556,0.444444444444444,2.02777777777778,0.0555555555555556,0,0.583333333333333,0.111111111111111,2.11111111111111,0.166666666666667,0.277777777777778,0,0.0277777777777778,0,0,0,0,0
63326,"Rychely ",5,38,0,0,1,0,0,0,0,0,0,0,0,0,0,0,0,0,0,0,0,0,0.0263157894736842,0,0,0,0,0,0,0,0,0,0,0,0,0,0,0
67953,"Riveros",4,38,24,3,6,20,2,0,23,4,39,0,0,0,0,0,0,0,0,0,0.631578947368421,0.0789473684210526,0.157894736842105,0.526315789473684,0.0526315789473684,0,0.605263157894737,0.105263157894737,1.02631578947368,0,0,0,0,0,0,0,0,0
68685,"Alan Patrick",4,38,15,7,16,20,2,1,13,2,33,4,0,0,0,0,0,0,0,0,0.394736842105263,0.184210526315789,0.421052631578947,0.526315789473684,0.0526315789473684,0.0263157894736842,0.342105263157895,0.0526315789473684,0.868421052631579,0.105263157894737,0,0,0,0,0,0,0,0
68689,"Anderson Uchoa",4,13,0,0,0,0,0,0,0,0,0,0,0,0,0,0,0,0,0,0,0,0,0,0,0,0,0,0,0,0,0,0,0,0,0,0,0,0
68690,"André",5,38,21,7,10,25,3,13,5,4,22,0,0,0,0,0,0,0,0,0,0.552631578947368,0.184210526315789,0.263157894736842,0.657894736842105,0.0789473684210526,0.342105263157895,0.131578947368421,0.105263157894737,0.578947368421053,0,0,0,0,0,0,0,0,0
68696,"Bergson",5,38,11,3,1,25,0,2,3,1,8,0,0,0,0,0,0,0,0,0,0.289473684210526,0.0789473684210526,0.0263157894736842,0.657894736842105,0,0.0526315789473684,0.0789473684210526,0.0263157894736842,0.210526315789474,0,0,0,0,0,0,0,0,0
68697,"Bernardo",4,36,3,3,2,7,0,1,3,1,9,1,0,0,0,0,0,0,0,0,0.0833333333333333,0.0833333333333333,0.0555555555555556,0.194444444444444,0,0.0277777777777778,0.0833333333333333,0.0277777777777778,0.25,0.0277777777777778,0,0,0,0,0,0,0,0
68698,"Bruno Silva",4,38,42,4,6,36,3,0,44,3,56,1,0,0,0,0,1,0,0,0,1.10526315789474,0.105263157894737,0.157894736842105,0.947368421052632,0.0789473684210526,0,1.15789473684211,0.0789473684210526,1.47368421052632,0.0263157894736842,0,0,0,0,0.0263157894736842,0,0,0
68702,"Bruno Collaço",2,7,0,0,0,0,0,0,0,0,0,0,0,0,0,0,0,0,0,0,0,0,0,0,0,0,0,0,0,0,0,0,0,0,0,0,0,0
68711,"Chiquinho",4,38,20,2,2,25,1,8,16,3,68,3,0,0,0,0,0,0,0,0,0.526315789473684,0.0526315789473684,0.0526315789473684,0.657894736842105,0.0263157894736842,0.210526315789474,0.421052631578947,0.0789473684210526,1.78947368421053,0.0789473684210526,0,0,0,0,0,0,0,0
68723,"Demerson",3,38,32,1,2,14,1,0,28,6,58,0,7,0,0,0,0,0,0,0,0.842105263157895,0.0263157894736842,0.0526315789473684,0.368421052631579,0.0263157894736842,0,0.736842105263158,0.157894736842105,1.52631578947368,0,0.184210526315789,0,0,0,0,0,0,0
68728,"Douglas",2,17,20,1,6,16,1,0,24,3,31,1,3,0,0,0,0,0,0,0,1.17647058823529,0.0588235294117647,0.352941176470588,0.941176470588235,0.0588235294117647,0,1.41176470588235,0.176470588235294,1.82352941176471,0.0588235294117647,0.176470588235294,0,0,0,0,0,0,0
68738,"Eli Sabiá",3,14,0,0,0,0,0,0,0,0,0,0,0,0,0,0,0,0,0,0,0,0,0,0,0,0,0,0,0,0,0,0,0,0,0,0,0,0
68744,"Emerson",5,28,28,12,9,41,6,9,10,7,69,1,0,0,1,0,1,0,1,0,1,0.428571428571429,0.321428571428571,1.46428571428571,0.214285714285714,0.321428571428571,0.357142857142857,0.25,2.46428571428571,0.0357142857142857,0,0,0.0357142857142857,0,0.0357142857142857,0,0.0357142857142857,0
68746,"Sergio Escudero",3,17,11,2,3,14,0,1,7,4,19,0,3,0,0,0,1,0,0,0,0.647058823529412,0.117647058823529,0.176470588235294,0.823529411764706,0,0.0588235294117647,0.411764705882353,0.235294117647059,1.11764705882353,0,0.176470588235294,0,0,0,0.0588235294117647,0,0,0
68753,"Fabrício ",3,33,7,0,0,3,0,0,6,2,10,0,1,0,0,0,0,0,0,0,0.212121212121212,0,0,0.0909090909090909,0,0,0.181818181818182,0.0606060606060606,0.303030303030303,0,0.0303030303030303,0,0,0,0,0,0,0
68758,"Fernandinho",5,37,24,6,9,31,1,2,7,0,31,2,0,0,1,0,0,0,0,0,0.648648648648649,0.162162162162162,0.243243243243243,0.837837837837838,0.027027027027027,0.0540540540540541,0.189189189189189,0,0.837837837837838,0.0540540540540541,0,0,0.027027027027027,0,0,0,0,0
68773,"Henrique",5,38,22,14,12,42,2,19,16,3,30,2,0,0,1,0,0,0,0,0,0.578947368421053,0.368421052631579,0.315789473684211,1.10526315789474,0.0526315789473684,0.5,0.421052631578947,0.0789473684210526,0.789473684210526,0.0526315789473684,0,0,0.0263157894736842,0,0,0,0,0
68805,"Neneca",1,35,0,0,0,0,0,0,0,0,0,0,0,0,0,0,0,0,0,0,0,0,0,0,0,0,0,0,0,0,0,0,0,0,0,0,0,0
68807,"Neto Berola",5,9,0,0,0,1,0,1,0,0,1,1,0,0,0,0,0,0,0,0,0,0,0,0.111111111111111,0,0.111111111111111,0,0,0.111111111111111,0.111111111111111,0,0,0,0,0,0,0,0
68808,"Nino Paraíba",2,38,27,2,1,50,0,1,32,5,84,1,2,0,0,0,0,0,0,0,0.710526315789474,0.0526315789473684,0.0263157894736842,1.31578947368421,0,0.0263157894736842,0.842105263157895,0.131578947368421,2.21052631578947,0.0263157894736842,0.0526315789473684,0,0,0,0,0,0,0
68817,"Paulo Miranda",3,38,26,3,2,11,0,1,15,3,33,0,7,0,0,0,1,0,0,0,0.684210526315789,0.0789473684210526,0.0526315789473684,0.289473684210526,0,0.0263157894736842,0.394736842105263,0.0789473684210526,0.868421052631579,0,0.184210526315789,0,0,0,0.0263157894736842,0,0,0
68821,"Rafael Galhardo",2,38,8,5,2,11,1,1,7,0,12,2,2,0,1,0,0,0,0,0,0.210526315789474,0.131578947368421,0.0526315789473684,0.289473684210526,0.0263157894736842,0.0263157894736842,0.184210526315789,0,0.315789473684211,0.0526315789473684,0.0526315789473684,0,0.0263157894736842,0,0,0,0,0
68824,"Raphael Augusto",4,30,0,0,0,0,0,0,0,0,0,0,0,0,0,0,0,0,0,0,0,0,0,0,0,0,0,0,0,0,0,0,0,0,0,0,0,0
68827,"Renato Chaves",3,13,0,0,0,0,0,0,0,0,0,0,0,0,0,0,0,0,0,0,0,0,0,0,0,0,0,0,0,0,0,0,0,0,0,0,0,0
68830,"Ricardinho",4,38,8,2,2,2,0,1,4,0,19,0,0,0,0,0,0,0,0,0,0.210526315789474,0.0526315789473684,0.0526315789473684,0.0526315789473684,0,0.0263157894736842,0.105263157894737,0,0.5,0,0,0,0,0,0,0,0,0
68833,"Ricardo Goulart",4,38,49,21,26,33,15,14,26,4,68,2,0,0,0,0,0,0,0,0,1.28947368421053,0.552631578947368,0.684210526315789,0.868421052631579,0.394736842105263,0.368421052631579,0.684210526315789,0.105263157894737,1.78947368421053,0.0526315789473684,0,0,0,0,0,0,0,0
68834,"Rithely",4,38,75,12,22,41,2,1,66,4,84,2,0,0,0,0,0,2,0,0,1.97368421052632,0.315789473684211,0.578947368421053,1.07894736842105,0.0526315789473684,0.0263157894736842,1.73684210526316,0.105263157894737,2.21052631578947,0.0526315789473684,0,0,0,0,0,0.0526315789473684,0,0
68846,"Thiago Humberto",4,3,0,0,0,0,0,0,0,0,0,0,0,0,0,0,0,0,0,0,0,0,0,0,0,0,0,0,0,0,0,0,0,0,0,0,0,0
68872,"Marcelo Lomba",1,38,0,0,0,7,0,0,0,2,6,0,10,45,0,40,0,0,0,0,0,0,0,0.184210526315789,0,0,0,0.0526315789473684,0.157894736842105,0,0.263157894736842,1.18421052631579,0,1.05263157894737,0,0,0,0
68873,"Paulo Victor",1,38,0,0,0,9,0,0,0,1,24,0,11,49,0,31,0,0,0,2,0,0,0,0.236842105263158,0,0,0,0.0263157894736842,0.631578947368421,0,0.289473684210526,1.28947368421053,0,0.815789473684211,0,0,0,0.0526315789473684
68883,"Caio",5,21,26,10,13,55,5,5,15,1,32,1,0,0,2,0,0,0,1,0,1.23809523809524,0.476190476190476,0.619047619047619,2.61904761904762,0.238095238095238,0.238095238095238,0.714285714285714,0.0476190476190476,1.52380952380952,0.0476190476190476,0,0,0.0952380952380952,0,0,0,0.0476190476190476,0
68884,"Klever",1,38,0,0,0,0,0,0,0,0,4,0,1,2,0,4,0,0,0,0,0,0,0,0,0,0,0,0,0.105263157894737,0,0.0263157894736842,0.0526315789473684,0,0.105263157894737,0,0,0,0
68887,"Gum",3,38,19,1,0,7,0,0,18,1,60,0,7,0,0,0,0,0,0,0,0.5,0.0263157894736842,0,0.184210526315789,0,0,0.473684210526316,0.0263157894736842,1.57894736842105,0,0.184210526315789,0,0,0,0,0,0,0
68888,"Leandro Euzébio",3,9,0,0,0,0,0,0,0,0,0,0,0,0,0,0,0,0,0,0,0,0,0,0,0,0,0,0,0,0,0,0,0,0,0,0,0,0
68892,"Everton",4,9,0,0,0,0,0,0,0,0,0,0,0,0,0,0,0,0,0,0,0,0,0,0,0,0,0,0,0,0,0,0,0,0,0,0,0,0
68893,"André Lima",5,7,0,0,0,0,0,0,0,0,0,0,0,0,0,0,0,0,0,0,0,0,0,0,0,0,0,0,0,0,0,0,0,0,0,0,0,0
68894,"Bruno Veiga",5,2,0,0,0,0,0,0,0,0,0,0,0,0,0,0,0,0,0,0,0,0,0,0,0,0,0,0,0,0,0,0,0,0,0,0,0,0
68904,"Vítor",2,38,13,1,1,13,0,0,14,1,40,0,5,0,0,0,0,0,0,0,0.342105263157895,0.0263157894736842,0.0263157894736842,0.342105263157895,0,0,0.368421052631579,0.0263157894736842,1.05263157894737,0,0.131578947368421,0,0,0,0,0,0,0
68907,"Wellington",3,38,6,0,2,5,0,0,4,1,9,0,2,0,0,0,0,0,0,0,0.157894736842105,0,0.0526315789473684,0.131578947368421,0,0,0.105263157894737,0.0263157894736842,0.236842105263158,0,0.0526315789473684,0,0,0,0,0,0,0
68908,"Gualberto",3,38,15,0,1,7,0,1,16,3,18,0,5,0,0,0,0,0,0,0,0.394736842105263,0,0.0263157894736842,0.184210526315789,0,0.0263157894736842,0.421052631578947,0.0789473684210526,0.473684210526316,0,0.131578947368421,0,0,0,0,0,0,0
68909,"Souza",4,38,24,7,8,14,1,0,27,2,52,2,0,0,1,0,0,0,0,0,0.631578947368421,0.184210526315789,0.210526315789474,0.368421052631579,0.0263157894736842,0,0.710526315789474,0.0526315789473684,1.36842105263158,0.0526315789473684,0,0,0.0263157894736842,0,0,0,0,0
68911,"Diego Souza",4,25,26,7,10,28,4,4,13,3,63,3,0,0,1,0,0,0,0,0,1.04,0.28,0.4,1.12,0.16,0.16,0.52,0.12,2.52,0.12,0,0,0.04,0,0,0,0,0
68914,"Deola",1,29,1,0,0,1,0,0,0,0,3,0,1,3,0,11,0,0,0,0,0.0344827586206897,0,0,0.0344827586206897,0,0,0,0,0.103448275862069,0,0.0344827586206897,0.103448275862069,0,0.379310344827586,0,0,0,0
68917,"Vinícius",5,38,18,6,10,33,1,6,10,3,46,3,0,0,1,0,0,0,0,0,0.473684210526316,0.157894736842105,0.263157894736842,0.868421052631579,0.0263157894736842,0.157894736842105,0.263157894736842,0.0789473684210526,1.21052631578947,0.0789473684210526,0,0,0.0263157894736842,0,0,0,0,0
68920,"Dudu",5,38,29,13,11,112,3,11,39,7,130,6,0,0,0,0,0,0,0,0,0.763157894736842,0.342105263157895,0.289473684210526,2.94736842105263,0.0789473684210526,0.289473684210526,1.02631578947368,0.184210526315789,3.42105263157895,0.157894736842105,0,0,0,0,0,0,0,0
68922,"Fabrício",4,2,0,0,0,0,0,0,0,0,0,0,0,0,0,0,0,0,0,0,0,0,0,0,0,0,0,0,0,0,0,0,0,0,0,0,0,0
68923,"Gil",3,38,26,7,11,11,4,2,38,7,62,0,13,0,0,0,0,0,0,0,0.684210526315789,0.184210526315789,0.289473684210526,0.289473684210526,0.105263157894737,0.0526315789473684,1,0.184210526315789,1.63157894736842,0,0.342105263157895,0,0,0,0,0,0,0
68925,"Leonardo Silva",3,38,41,7,15,34,2,0,30,9,41,0,9,0,1,0,0,1,0,0,1.07894736842105,0.184210526315789,0.394736842105263,0.894736842105263,0.0526315789473684,0,0.789473684210526,0.236842105263158,1.07894736842105,0,0.236842105263158,0,0.0263157894736842,0,0,0.0263157894736842,0,0
68928,"Rafael",1,38,0,0,0,0,0,0,0,0,1,0,0,1,0,1,0,0,0,0,0,0,0,0,0,0,0,0,0.0263157894736842,0,0,0.0263157894736842,0,0.0263157894736842,0,0,0,0
68929,"Thiago Ribeiro",5,38,13,8,21,23,4,7,12,1,69,4,0,0,0,0,0,0,0,0,0.342105263157895,0.210526315789474,0.552631578947368,0.605263157894737,0.105263157894737,0.184210526315789,0.315789473684211,0.0263157894736842,1.81578947368421,0.105263157894737,0,0,0,0,0,0,0,0
68930,"Kieza",5,29,34,7,14,46,6,33,9,8,40,0,0,0,1,0,0,0,0,0,1.17241379310345,0.241379310344828,0.482758620689655,1.58620689655172,0.206896551724138,1.13793103448276,0.310344827586207,0.275862068965517,1.37931034482759,0,0,0,0.0344827586206897,0,0,0,0,0
68932,"Renan Ribeiro",1,38,0,0,0,0,0,0,0,0,0,0,0,0,0,0,0,0,0,0,0,0,0,0,0,0,0,0,0,0,0,0,0,0,0,0,0,0
68938,"Giovanni Augusto",4,38,30,6,7,52,4,1,17,3,91,2,0,0,1,0,0,0,0,0,0.789473684210526,0.157894736842105,0.184210526315789,1.36842105263158,0.105263157894737,0.0263157894736842,0.447368421052632,0.0789473684210526,2.39473684210526,0.0526315789473684,0,0,0.0263157894736842,0,0,0,0,0
68945,"Saimon",3,38,8,0,0,9,0,0,4,1,17,0,3,0,0,0,0,0,0,0,0.210526315789474,0,0,0.236842105263158,0,0,0.105263157894737,0.0263157894736842,0.447368421052632,0,0.0789473684210526,0,0,0,0,0,0,0
68946,"Neuton",3,38,18,3,4,12,0,0,18,4,29,0,2,0,0,0,0,0,0,0,0.473684210526316,0.0789473684210526,0.105263157894737,0.315789473684211,0,0,0.473684210526316,0.105263157894737,0.763157894736842,0,0.0526315789473684,0,0,0,0,0,0,0
68950,"Ronaldo Alves",3,38,18,0,1,7,1,0,9,2,24,0,3,0,0,0,0,0,0,0,0.473684210526316,0,0.0263157894736842,0.184210526315789,0.0263157894736842,0,0.236842105263158,0.0526315789473684,0.631578947368421,0,0.0789473684210526,0,0,0,0,0,0,0
68951,"Josimar",4,25,14,1,4,7,0,0,7,2,19,0,0,0,0,0,1,0,0,0,0.56,0.04,0.16,0.28,0,0,0.28,0.08,0.76,0,0,0,0,0,0.04,0,0,0
68953,"Leandro Damião",5,38,24,16,23,34,6,11,8,1,50,1,0,0,0,0,0,0,0,0,0.631578947368421,0.421052631578947,0.605263157894737,0.894736842105263,0.157894736842105,0.289473684210526,0.210526315789474,0.0263157894736842,1.31578947368421,0.0263157894736842,0,0,0,0,0,0,0,0
68954,"Marquinhos Gabriel",4,12,7,5,5,10,1,0,5,1,17,0,0,0,0,0,0,0,0,0,0.583333333333333,0.416666666666667,0.416666666666667,0.833333333333333,0.0833333333333333,0,0.416666666666667,0.0833333333333333,1.41666666666667,0,0,0,0,0,0,0,0,0
68958,"Wallace",3,38,32,3,5,31,1,1,46,4,75,1,11,0,0,0,0,0,0,0,0.842105263157895,0.0789473684210526,0.131578947368421,0.815789473684211,0.0263157894736842,0.0263157894736842,1.21052631578947,0.105263157894737,1.97368421052632,0.0263157894736842,0.289473684210526,0,0,0,0,0,0,0
68968,"Adailton",5,14,0,0,0,0,0,0,0,0,0,0,0,0,0,0,0,0,0,0,0,0,0,0,0,0,0,0,0,0,0,0,0,0,0,0,0,0
68974,"Marcão",5,38,40,12,9,30,5,9,9,1,26,3,0,0,0,0,0,0,0,0,1.05263157894737,0.315789473684211,0.236842105263158,0.789473684210526,0.131578947368421,0.236842105263158,0.236842105263158,0.0263157894736842,0.684210526315789,0.0789473684210526,0,0,0,0,0,0,0,0
68979,"Giovanni",1,38,0,0,0,0,0,0,0,0,3,0,2,6,0,5,0,0,0,0,0,0,0,0,0,0,0,0,0.0789473684210526,0,0.0526315789473684,0.157894736842105,0,0.131578947368421,0,0,0,0
68987,"João Vitor",4,38,96,6,11,61,0,1,57,16,104,1,0,0,2,0,1,0,0,0,2.52631578947368,0.157894736842105,0.289473684210526,1.60526315789474,0,0.0263157894736842,1.5,0.421052631578947,2.73684210526316,0.0263157894736842,0,0,0.0526315789473684,0,0.0263157894736842,0,0,0
68994,"Wesley",4,18,0,0,0,0,0,0,0,0,0,0,0,0,0,0,0,0,0,0,0,0,0,0,0,0,0,0,0,0,0,0,0,0,0,0,0,0
68995,"Régis Souza",2,14,17,2,1,17,0,1,21,0,56,0,2,0,0,0,0,0,0,0,1.21428571428571,0.142857142857143,0.0714285714285714,1.21428571428571,0,0.0714285714285714,1.5,0,4,0,0.142857142857143,0,0,0,0,0,0,0
69006,"Dão",3,38,7,0,1,1,0,0,2,1,4,0,0,0,0,0,0,0,0,0,0.184210526315789,0,0.0263157894736842,0.0263157894736842,0,0,0.0526315789473684,0.0263157894736842,0.105263157894737,0,0,0,0,0,0,0,0,0
69008,"Neto",3,38,12,1,2,2,0,0,11,2,20,0,4,0,0,0,0,0,0,0,0.315789473684211,0.0263157894736842,0.0526315789473684,0.0526315789473684,0,0,0.289473684210526,0.0526315789473684,0.526315789473684,0,0.105263157894737,0,0,0,0,0,0,0
69012,"Santos",1,38,0,0,0,0,0,0,0,0,1,0,1,3,0,5,0,0,0,0,0,0,0,0,0,0,0,0,0.0263157894736842,0,0.0263157894736842,0.0789473684210526,0,0.131578947368421,0,0,0,0
69014,"Manoel",3,38,14,2,7,9,1,0,23,1,22,0,3,0,1,0,0,0,0,0,0.368421052631579,0.0526315789473684,0.184210526315789,0.236842105263158,0.0263157894736842,0,0.605263157894737,0.0263157894736842,0.578947368421053,0,0.0789473684210526,0,0.0263157894736842,0,0,0,0,0
69018,"Deivid",4,38,66,4,3,67,0,1,79,6,60,0,0,0,0,0,0,1,0,0,1.73684210526316,0.105263157894737,0.0789473684210526,1.76315789473684,0,0.0263157894736842,2.07894736842105,0.157894736842105,1.57894736842105,0,0,0,0,0,0,0.0263157894736842,0,0
69022,"Marcelo",5,38,44,21,23,116,6,24,27,1,96,4,0,0,2,0,0,0,1,0,1.15789473684211,0.552631578947368,0.605263157894737,3.05263157894737,0.157894736842105,0.631578947368421,0.710526315789474,0.0263157894736842,2.52631578947368,0.105263157894737,0,0,0.0526315789473684,0,0,0,0.0263157894736842,0
69040,"Vladimir",1,38,0,0,0,2,0,0,0,1,0,0,3,5,0,4,0,0,0,0,0,0,0,0.0526315789473684,0,0,0,0.0263157894736842,0,0,0.0789473684210526,0.131578947368421,0,0.105263157894737,0,0,0,0
69041,"Muriel",1,38,0,0,0,0,0,0,0,0,0,0,1,1,0,0,0,0,0,0,0,0,0,0,0,0,0,0,0,0,0.0263157894736842,0.0263157894736842,0,0,0,0,0,0
69047,"Paulo Roberto",4,38,49,3,6,20,0,1,55,8,73,0,0,0,0,0,0,0,0,0,1.28947368421053,0.0789473684210526,0.157894736842105,0.526315789473684,0,0.0263157894736842,1.44736842105263,0.210526315789474,1.92105263157895,0,0,0,0,0,0,0,0,0
69048,"Mazola",5,30,8,2,4,14,4,1,4,4,17,0,0,0,3,0,0,0,0,0,0.266666666666667,0.0666666666666667,0.133333333333333,0.466666666666667,0.133333333333333,0.0333333333333333,0.133333333333333,0.133333333333333,0.566666666666667,0,0,0,0.1,0,0,0,0,0
69049,"Leandro Amaro",3,9,0,0,0,0,0,0,0,0,0,0,0,0,0,0,0,0,0,0,0,0,0,0,0,0,0,0,0,0,0,0,0,0,0,0,0,0
69051,"Danilo Fernandes",1,38,0,0,0,0,0,0,0,0,0,0,0,0,0,0,0,0,0,0,0,0,0,0,0,0,0,0,0,0,0,0,0,0,0,0,0,0
69088,"Victorino",3,38,7,0,1,3,0,0,5,3,16,0,1,0,0,0,0,0,0,0,0.184210526315789,0,0.0263157894736842,0.0789473684210526,0,0,0.131578947368421,0.0789473684210526,0.421052631578947,0,0.0263157894736842,0,0,0,0,0,0,0
69090,"Matías Rodríguez",2,30,12,2,1,11,0,0,8,3,26,0,5,0,0,0,0,0,0,0,0.4,0.0666666666666667,0.0333333333333333,0.366666666666667,0,0,0.266666666666667,0.1,0.866666666666667,0,0.166666666666667,0,0,0,0,0,0,0
69138,"Pablo",5,30,39,10,20,10,4,5,7,0,24,1,0,0,1,0,0,0,0,0,1.3,0.333333333333333,0.666666666666667,0.333333333333333,0.133333333333333,0.166666666666667,0.233333333333333,0,0.8,0.0333333333333333,0,0,0.0333333333333333,0,0,0,0,0
69141,"Ricardo Bueno",5,38,17,5,7,26,0,7,2,1,25,1,0,0,0,0,0,0,0,0,0.447368421052632,0.131578947368421,0.184210526315789,0.684210526315789,0,0.184210526315789,0.0526315789473684,0.0263157894736842,0.657894736842105,0.0263157894736842,0,0,0,0,0,0,0,0
69153,"Clemente Rodríguez",2,35,0,0,0,0,0,0,0,0,0,0,0,0,0,0,0,0,0,0,0,0,0,0,0,0,0,0,0,0,0,0,0,0,0,0,0,0
69155,"Iberbia",2,38,0,0,0,0,0,0,0,0,0,0,0,0,0,0,0,0,0,0,0,0,0,0,0,0,0,0,0,0,0,0,0,0,0,0,0,0
69177,"Léo",2,38,6,0,0,4,0,0,2,3,14,2,1,0,0,0,0,0,0,0,0.157894736842105,0,0,0.105263157894737,0,0,0.0526315789473684,0.0789473684210526,0.368421052631579,0.0526315789473684,0.0263157894736842,0,0,0,0,0,0,0
69180,"Busatto",1,18,0,0,0,0,0,0,0,0,0,0,0,0,0,1,0,0,0,0,0,0,0,0,0,0,0,0,0,0,0,0,0,0.0555555555555556,0,0,0,0
69183,"Lee",1,9,0,0,0,0,0,0,0,0,0,0,0,0,0,0,0,0,0,0,0,0,0,0,0,0,0,0,0,0,0,0,0,0,0,0,0,0
69186,"Branquinho",4,38,8,2,3,27,1,2,1,2,20,0,0,0,0,0,0,0,0,0,0.210526315789474,0.0526315789473684,0.0789473684210526,0.710526315789474,0.0263157894736842,0.0526315789473684,0.0263157894736842,0.0526315789473684,0.526315789473684,0,0,0,0,0,0,0,0,0
69209,"Diego Macedo",2,38,12,5,3,21,0,0,14,0,43,0,4,0,0,0,0,0,0,0,0.315789473684211,0.131578947368421,0.0789473684210526,0.552631578947368,0,0,0.368421052631579,0,1.13157894736842,0,0.105263157894737,0,0,0,0,0,0,0
69219,"Otamendi",3,6,6,1,5,6,0,0,12,1,20,0,1,0,0,0,0,0,0,0,1,0.166666666666667,0.833333333333333,1,0,0,2,0.166666666666667,3.33333333333333,0,0.166666666666667,0,0,0,0,0,0,0
69232,"Bolatti",4,38,42,2,6,15,2,0,29,3,38,3,0,0,0,0,1,0,0,0,1.10526315789474,0.0526315789473684,0.157894736842105,0.394736842105263,0.0526315789473684,0,0.763157894736842,0.0789473684210526,1,0.0789473684210526,0,0,0,0,0.0263157894736842,0,0,0
69240,"Dátolo",4,38,22,12,35,39,5,3,20,3,106,8,0,0,0,0,0,0,0,0,0.578947368421053,0.315789473684211,0.921052631578947,1.02631578947368,0.131578947368421,0.0789473684210526,0.526315789473684,0.0789473684210526,2.78947368421053,0.210526315789474,0,0,0,0,0,0,0,0
69268,"Víctor Cáceres",4,38,60,2,5,24,0,1,54,9,66,2,0,0,0,0,1,0,0,0,1.57894736842105,0.0526315789473684,0.131578947368421,0.631578947368421,0,0.0263157894736842,1.42105263157895,0.236842105263158,1.73684210526316,0.0526315789473684,0,0,0,0,0.0263157894736842,0,0,0
69292,"Eguren",4,38,12,0,2,1,0,0,2,3,15,0,0,0,0,0,0,0,0,0,0.315789473684211,0,0.0526315789473684,0.0263157894736842,0,0,0.0526315789473684,0.0789473684210526,0.394736842105263,0,0,0,0,0,0,0,0,0
69304,"Lodeiro",4,38,12,2,9,19,0,1,8,1,39,1,0,0,0,0,0,0,0,0,0.315789473684211,0.0526315789473684,0.236842105263158,0.5,0,0.0263157894736842,0.210526315789474,0.0263157894736842,1.02631578947368,0.0263157894736842,0,0,0,0,0,0,0,0
69308,"Álvaro Pereira",2,38,31,2,6,26,0,0,36,13,96,1,6,0,0,0,1,0,0,0,0.815789473684211,0.0526315789473684,0.157894736842105,0.684210526315789,0,0,0.947368421052632,0.342105263157895,2.52631578947368,0.0263157894736842,0.157894736842105,0,0,0,0.0263157894736842,0,0,0
69325,"Aránguiz",4,38,43,6,4,34,6,5,47,7,73,3,0,0,1,0,0,0,0,0,1.13157894736842,0.157894736842105,0.105263157894737,0.894736842105263,0.157894736842105,0.131578947368421,1.23684210526316,0.184210526315789,1.92105263157895,0.0789473684210526,0,0,0.0263157894736842,0,0,0,0,0
69329,"Cereceda",2,30,39,2,1,15,0,2,30,3,44,2,7,0,0,0,1,0,0,0,1.3,0.0666666666666667,0.0333333333333333,0.5,0,0.0666666666666667,1,0.1,1.46666666666667,0.0666666666666667,0.233333333333333,0,0,0,0.0333333333333333,0,0,0
69703,"Diego Maurício",5,11,0,0,0,0,0,0,0,0,0,0,0,0,0,0,0,0,0,0,0,0,0,0,0,0,0,0,0,0,0,0,0,0,0,0,0,0
69782,"Dener Assunção",2,35,9,2,2,12,1,0,12,1,49,0,3,0,0,0,0,0,0,0,0.257142857142857,0.0571428571428571,0.0571428571428571,0.342857142857143,0.0285714285714286,0,0.342857142857143,0.0285714285714286,1.4,0,0.0857142857142857,0,0,0,0,0,0,0
70010,"Spessato",2,38,0,0,0,0,0,0,0,0,0,0,0,0,0,0,0,0,0,0,0,0,0,0,0,0,0,0,0,0,0,0,0,0,0,0,0,0
70045,"Vinicius Simon",3,38,0,0,0,0,0,0,0,0,0,0,0,0,0,0,0,0,0,0,0,0,0,0,0,0,0,0,0,0,0,0,0,0,0,0,0,0
70046,"Victor Ferraz",2,38,12,2,4,8,0,0,14,1,19,0,4,0,0,0,0,0,0,0,0.315789473684211,0.0526315789473684,0.105263157894737,0.210526315789474,0,0,0.368421052631579,0.0263157894736842,0.5,0,0.105263157894737,0,0,0,0,0,0,0
70054,"Marcos Paulo",4,15,0,0,0,0,0,0,0,0,0,0,0,0,0,0,0,0,0,0,0,0,0,0,0,0,0,0,0,0,0,0,0,0,0,0,0,0
70055,"Geraldo",5,38,16,4,3,21,0,1,3,1,38,0,0,0,0,0,0,0,0,0,0.421052631578947,0.105263157894737,0.0789473684210526,0.552631578947368,0,0.0263157894736842,0.0789473684210526,0.0263157894736842,1,0,0,0,0,0,0,0,0,0
70058,"Tiago Real",4,38,37,4,4,30,0,0,20,7,68,1,0,0,0,0,0,0,0,0,0.973684210526316,0.105263157894737,0.105263157894737,0.789473684210526,0,0,0.526315789473684,0.184210526315789,1.78947368421053,0.0263157894736842,0,0,0,0,0,0,0,0
70106,"Mouche",5,30,14,3,5,16,2,3,1,1,24,0,0,0,1,0,0,0,0,0,0.466666666666667,0.1,0.166666666666667,0.533333333333333,0.0666666666666667,0.1,0.0333333333333333,0.0333333333333333,0.8,0,0,0,0.0333333333333333,0,0,0,0,0
70111,"Guilherme Mattis",3,14,12,1,2,7,0,0,12,3,20,0,3,0,0,0,0,0,0,0,0.857142857142857,0.0714285714285714,0.142857142857143,0.5,0,0,0.857142857142857,0.214285714285714,1.42857142857143,0,0.214285714285714,0,0,0,0,0,0,0
70116,"Fellipe Bastos",4,30,41,16,19,26,0,1,42,6,69,2,0,0,2,0,0,0,0,0,1.36666666666667,0.533333333333333,0.633333333333333,0.866666666666667,0,0.0333333333333333,1.4,0.2,2.3,0.0666666666666667,0,0,0.0666666666666667,0,0,0,0,0
70132,"Alan Santos",4,38,33,3,4,6,1,0,16,6,25,1,0,0,0,0,0,0,0,0,0.868421052631579,0.0789473684210526,0.105263157894737,0.157894736842105,0.0263157894736842,0,0.421052631578947,0.157894736842105,0.657894736842105,0.0263157894736842,0,0,0,0,0,0,0,0
70133,"Paulo Henrique",2,5,0,0,0,0,0,0,0,0,0,0,0,0,0,0,0,0,0,0,0,0,0,0,0,0,0,0,0,0,0,0,0,0,0,0,0,0
70216,"Gustavo",1,38,0,0,0,0,0,0,0,0,0,0,0,0,0,0,0,0,0,0,0,0,0,0,0,0,0,0,0,0,0,0,0,0,0,0,0,0
70218,"Ernesto Farías",5,18,0,0,0,0,0,0,0,0,0,0,0,0,0,0,0,0,0,0,0,0,0,0,0,0,0,0,0,0,0,0,0,0,0,0,0,0
70221,"Bruno Uvini",3,38,12,1,3,1,2,0,8,1,25,0,2,0,1,0,0,0,0,0,0.315789473684211,0.0263157894736842,0.0789473684210526,0.0263157894736842,0.0526315789473684,0,0.210526315789474,0.0263157894736842,0.657894736842105,0,0.0526315789473684,0,0.0263157894736842,0,0,0,0,0
70225,"Luís Aguiar",4,29,6,3,3,4,0,0,3,1,22,0,0,0,0,0,0,0,0,0,0.206896551724138,0.103448275862069,0.103448275862069,0.137931034482759,0,0,0.103448275862069,0.0344827586206897,0.758620689655172,0,0,0,0,0,0,0,0,0
70311,"Fran Mérida",4,24,0,0,0,0,0,0,0,0,0,0,0,0,0,0,0,0,0,0,0,0,0,0,0,0,0,0,0,0,0,0,0,0,0,0,0,0
70317,"Eron",2,38,0,0,0,0,0,0,0,0,0,0,0,0,0,0,0,0,0,0,0,0,0,0,0,0,0,0,0,0,0,0,0,0,0,0,0,0
70360,"Eduardo Sasha",5,38,8,4,5,12,4,3,5,0,20,1,0,0,0,0,0,0,0,0,0.210526315789474,0.105263157894737,0.131578947368421,0.315789473684211,0.105263157894737,0.0789473684210526,0.131578947368421,0,0.526315789473684,0.0263157894736842,0,0,0,0,0,0,0,0
70581,"Fillipe Soutto",4,38,3,1,1,0,0,0,3,0,5,0,0,0,0,0,0,0,0,0,0.0789473684210526,0.0263157894736842,0.0263157894736842,0,0,0,0.0789473684210526,0,0.131578947368421,0,0,0,0,0,0,0,0,0
70759,"Martinuccio",5,38,7,7,4,12,2,3,2,2,18,1,0,0,0,0,0,0,0,0,0.184210526315789,0.184210526315789,0.105263157894737,0.315789473684211,0.0526315789473684,0.0789473684210526,0.0526315789473684,0.0526315789473684,0.473684210526316,0.0263157894736842,0,0,0,0,0,0,0,0
70874,"Rhayner",5,32,18,7,5,55,0,3,28,5,28,1,0,0,0,0,0,0,0,0,0.5625,0.21875,0.15625,1.71875,0,0.09375,0.875,0.15625,0.875,0.03125,0,0,0,0,0,0,0,0
70914,"Raphael Luz",4,38,0,0,0,0,0,0,0,0,0,0,0,0,0,0,0,0,0,0,0,0,0,0,0,0,0,0,0,0,0,0,0,0,0,0,0,0
70915,"Luis Felipe",2,25,11,2,4,10,1,0,3,4,32,0,2,0,0,0,0,0,0,0,0.44,0.08,0.16,0.4,0.04,0,0.12,0.16,1.28,0,0.08,0,0,0,0,0,0,0
70916,"Diogo Goiano",2,38,0,0,0,0,0,0,0,0,0,0,0,0,0,0,0,0,0,0,0,0,0,0,0,0,0,0,0,0,0,0,0,0,0,0,0,0
70924,"Matheus Carvalho",5,38,0,0,0,1,1,0,0,0,2,0,0,0,0,0,0,0,0,0,0,0,0,0.0263157894736842,0.0263157894736842,0,0,0,0.0526315789473684,0,0,0,0,0,0,0,0,0
70925,"Wescley",4,9,1,0,0,0,0,0,0,0,1,0,0,0,0,0,0,0,0,0,0.111111111111111,0,0,0,0,0,0,0,0.111111111111111,0,0,0,0,0,0,0,0,0
70928,"William Henrique",5,38,7,1,5,22,1,6,6,3,26,0,0,0,0,0,0,0,0,0,0.184210526315789,0.0263157894736842,0.131578947368421,0.578947368421053,0.0263157894736842,0.157894736842105,0.157894736842105,0.0789473684210526,0.684210526315789,0,0,0,0,0,0,0,0,0
70929,"Negueba",5,38,7,0,2,22,0,1,5,1,32,0,0,0,0,0,0,0,0,0,0.184210526315789,0,0.0526315789473684,0.578947368421053,0,0.0263157894736842,0.131578947368421,0.0263157894736842,0.842105263157895,0,0,0,0,0,0,0,0,0
70934,"Jackson",3,38,40,7,5,28,4,1,32,8,60,0,15,0,0,0,2,0,0,0,1.05263157894737,0.184210526315789,0.131578947368421,0.736842105263158,0.105263157894737,0.0263157894736842,0.842105263157895,0.210526315789474,1.57894736842105,0,0.394736842105263,0,0,0,0.0526315789473684,0,0,0
70944,"Bruno Henrique",4,38,37,3,11,25,1,0,31,3,56,0,0,0,2,0,0,0,0,0,0.973684210526316,0.0789473684210526,0.289473684210526,0.657894736842105,0.0263157894736842,0,0.815789473684211,0.0789473684210526,1.47368421052632,0,0,0,0.0526315789473684,0,0,0,0,0
70951,"Fabio",1,38,0,0,0,6,0,0,0,1,3,0,6,27,0,22,0,1,0,0,0,0,0,0.157894736842105,0,0,0,0.0263157894736842,0.0789473684210526,0,0.157894736842105,0.710526315789474,0,0.578947368421053,0,0.0263157894736842,0,0
70992,"Juliano",4,38,7,0,0,4,0,0,7,0,11,0,0,0,0,0,0,0,0,0,0.184210526315789,0,0,0.105263157894737,0,0,0.184210526315789,0,0.289473684210526,0,0,0,0,0,0,0,0,0
71032,"Lucas Zen",4,32,0,0,0,0,0,0,0,0,0,0,0,0,0,0,0,0,0,0,0,0,0,0,0,0,0,0,0,0,0,0,0,0,0,0,0,0
71037,"Clayton Sales",2,26,0,0,0,0,0,0,0,0,0,0,0,0,0,0,0,0,0,0,0,0,0,0,0,0,0,0,0,0,0,0,0,0,0,0,0,0
71038,"Pedro Henrique",3,38,18,2,3,13,0,0,32,3,32,0,10,0,0,0,0,1,0,0,0.473684210526316,0.0526315789473684,0.0789473684210526,0.342105263157895,0,0,0.842105263157895,0.0789473684210526,0.842105263157895,0,0.263157894736842,0,0,0,0,0.0263157894736842,0,0
71039,"Leandro",4,9,0,0,0,0,0,0,0,0,0,0,0,0,0,0,0,0,0,0,0,0,0,0,0,0,0,0,0,0,0,0,0,0,0,0,0,0
71041,"Assuério",5,38,16,4,2,9,0,1,2,1,7,1,0,0,0,0,0,0,0,0,0.421052631578947,0.105263157894737,0.0526315789473684,0.236842105263158,0,0.0263157894736842,0.0526315789473684,0.0263157894736842,0.184210526315789,0.0263157894736842,0,0,0,0,0,0,0,0
71042,"Augusto",4,38,16,3,5,10,1,1,12,1,21,0,0,0,0,0,0,0,0,0,0.421052631578947,0.0789473684210526,0.131578947368421,0.263157894736842,0.0263157894736842,0.0263157894736842,0.315789473684211,0.0263157894736842,0.552631578947368,0,0,0,0,0,0,0,0,0
71055,"Pato Rodríguez",4,30,2,1,2,2,0,0,3,0,3,1,0,0,0,0,0,0,0,0,0.0666666666666667,0.0333333333333333,0.0666666666666667,0.0666666666666667,0,0,0.1,0,0.1,0.0333333333333333,0,0,0,0,0,0,0,0
71093,"Baraka",4,38,40,1,1,10,0,0,29,3,35,0,0,0,0,0,0,0,0,0,1.05263157894737,0.0263157894736842,0.0263157894736842,0.263157894736842,0,0,0.763157894736842,0.0789473684210526,0.921052631578947,0,0,0,0,0,0,0,0,0
71100,"Márcio Araújo",6,1,0,0,0,0,0,0,0,0,0,0,0,0,0,0,0,0,0,0,0,0,0,0,0,0,0,0,0,0,0,0,0,0,0,0,0,0
71102,"Omar",1,38,0,0,0,0,0,0,0,0,0,0,0,0,0,0,0,0,0,0,0,0,0,0,0,0,0,0,0,0,0,0,0,0,0,0,0,0
71113,"Felipe ",4,38,19,10,7,7,0,1,11,1,32,2,0,0,0,0,0,0,0,0,0.5,0.263157894736842,0.184210526315789,0.184210526315789,0,0.0263157894736842,0.289473684210526,0.0263157894736842,0.842105263157895,0.0526315789473684,0,0,0,0,0,0,0,0
71117,"Vander",4,29,1,0,0,3,0,0,1,0,0,0,0,0,0,0,0,0,0,0,0.0344827586206897,0,0,0.103448275862069,0,0,0.0344827586206897,0,0,0,0,0,0,0,0,0,0,0
71122,"Matheus",3,38,3,0,0,2,0,0,4,1,4,0,1,0,0,0,0,0,0,0,0.0789473684210526,0,0,0.0526315789473684,0,0,0.105263157894737,0.0263157894736842,0.105263157894737,0,0.0263157894736842,0,0,0,0,0,0,0
71123,"Thiago Mendes",4,38,55,6,14,79,3,2,47,7,134,5,0,0,1,0,2,0,0,0,1.44736842105263,0.157894736842105,0.368421052631579,2.07894736842105,0.0789473684210526,0.0526315789473684,1.23684210526316,0.184210526315789,3.52631578947368,0.131578947368421,0,0,0.0263157894736842,0,0.0526315789473684,0,0,0
71146,"Léo Veloso",2,30,12,0,3,13,0,0,18,3,33,0,5,0,0,0,0,0,0,0,0.4,0,0.1,0.433333333333333,0,0,0.6,0.1,1.1,0,0.166666666666667,0,0,0,0,0,0,0
71507,"Edson Silva",3,38,21,2,3,6,4,2,28,4,45,1,8,0,0,0,0,0,0,0,0.552631578947368,0.0526315789473684,0.0789473684210526,0.157894736842105,0.105263157894737,0.0526315789473684,0.736842105263158,0.105263157894737,1.18421052631579,0.0263157894736842,0.210526315789474,0,0,0,0,0,0,0
71560,"Luis Ramírez",4,38,35,5,4,26,1,2,16,7,46,1,0,0,2,0,1,0,0,0,0.921052631578947,0.131578947368421,0.105263157894737,0.684210526315789,0.0263157894736842,0.0526315789473684,0.421052631578947,0.184210526315789,1.21052631578947,0.0263157894736842,0,0,0.0526315789473684,0,0.0263157894736842,0,0,0
71571,"Fernando",1,38,0,0,0,0,0,0,0,0,0,0,0,0,0,0,0,0,0,0,0,0,0,0,0,0,0,0,0,0,0,0,0,0,0,0,0,0
71572,"Gabriel",3,38,0,0,0,0,0,0,0,0,0,0,0,0,0,0,0,0,0,0,0,0,0,0,0,0,0,0,0,0,0,0,0,0,0,0,0,0
71575,"Danilo Tarracha",2,38,9,1,0,4,0,1,5,2,20,1,1,0,0,0,0,0,0,0,0.236842105263158,0.0263157894736842,0,0.105263157894737,0,0.0263157894736842,0.131578947368421,0.0526315789473684,0.526315789473684,0.0263157894736842,0.0263157894736842,0,0,0,0,0,0,0
71581,"Léo Costa",4,20,8,2,0,0,0,0,3,0,14,0,0,0,0,0,0,0,0,0,0.4,0.1,0,0,0,0,0.15,0,0.7,0,0,0,0,0,0,0,0,0
71593,"Henrique Mattos",3,28,8,2,0,0,0,1,7,2,9,1,2,0,0,0,0,0,0,0,0.285714285714286,0.0714285714285714,0,0,0,0.0357142857142857,0.25,0.0714285714285714,0.321428571428571,0.0357142857142857,0.0714285714285714,0,0,0,0,0,0,0
71602,"João Paulo",2,38,39,1,4,27,0,2,34,3,102,7,8,0,1,0,0,0,0,0,1.02631578947368,0.0263157894736842,0.105263157894737,0.710526315789474,0,0.0526315789473684,0.894736842105263,0.0789473684210526,2.68421052631579,0.184210526315789,0.210526315789474,0,0.0263157894736842,0,0,0,0,0
71618,"Anderson Conceição",3,9,0,0,0,0,0,0,0,0,0,0,0,0,0,0,0,0,0,0,0,0,0,0,0,0,0,0,0,0,0,0,0,0,0,0,0,0
71631,"Weverton",1,38,2,0,0,9,0,0,0,4,39,0,11,57,0,37,0,0,0,0,0.0526315789473684,0,0,0.236842105263158,0,0,0,0.105263157894737,1.02631578947368,0,0.289473684210526,1.5,0,0.973684210526316,0,0,0,0
71636,"Guilherme",4,10,9,2,5,6,1,0,4,2,20,0,0,0,0,0,0,0,0,0,0.9,0.2,0.5,0.6,0.1,0,0.4,0.2,2,0,0,0,0,0,0,0,0,0
71668,"Anderson Carvalho",4,16,0,0,0,0,0,0,0,0,0,0,0,0,0,0,0,0,0,0,0,0,0,0,0,0,0,0,0,0,0,0,0,0,0,0,0,0
71724,"Agenor",1,38,0,0,0,0,0,0,0,0,0,0,0,0,0,0,0,0,0,0,0,0,0,0,0,0,0,0,0,0,0,0,0,0,0,0,0,0
71742,"Hiroshi",4,17,0,0,0,0,0,0,0,0,0,0,0,0,0,0,0,0,0,0,0,0,0,0,0,0,0,0,0,0,0,0,0,0,0,0,0,0
71778,"Bady",4,38,18,5,10,35,3,2,24,1,86,3,0,0,0,0,0,0,0,0,0.473684210526316,0.131578947368421,0.263157894736842,0.921052631578947,0.0789473684210526,0.0526315789473684,0.631578947368421,0.0263157894736842,2.26315789473684,0.0789473684210526,0,0,0,0,0,0,0,0
71799,"Silvinho",5,38,31,10,21,63,3,9,13,5,54,1,0,0,0,0,0,0,0,0,0.815789473684211,0.263157894736842,0.552631578947368,1.65789473684211,0.0789473684210526,0.236842105263158,0.342105263157895,0.131578947368421,1.42105263157895,0.0263157894736842,0,0,0,0,0,0,0,0
71892,"Wellington Silva",2,38,24,1,3,26,2,2,34,2,36,2,6,0,0,0,0,0,0,0,0.631578947368421,0.0263157894736842,0.0789473684210526,0.684210526315789,0.0526315789473684,0.0526315789473684,0.894736842105263,0.0526315789473684,0.947368421052632,0.0526315789473684,0.157894736842105,0,0,0,0,0,0,0
71947,"Guilherme",2,18,0,0,0,0,0,0,0,0,0,0,0,0,0,0,0,0,0,0,0,0,0,0,0,0,0,0,0,0,0,0,0,0,0,0,0,0
71995,"Hugo",5,1,0,0,0,0,0,0,0,0,0,0,0,0,0,0,0,0,0,0,0,0,0,0,0,0,0,0,0,0,0,0,0,0,0,0,0,0
72018,"Tiago Volpi",1,38,1,0,0,9,0,0,0,4,22,0,11,65,0,46,0,0,0,1,0.0263157894736842,0,0,0.236842105263158,0,0,0,0.105263157894737,0.578947368421053,0,0.289473684210526,1.71052631578947,0,1.21052631578947,0,0,0,0.0263157894736842
72023,"Sueliton",2,38,65,6,9,47,0,0,43,6,137,6,9,0,0,0,0,0,0,0,1.71052631578947,0.157894736842105,0.236842105263158,1.23684210526316,0,0,1.13157894736842,0.157894736842105,3.60526315789474,0.157894736842105,0.236842105263158,0,0,0,0,0,0,0
72039,"Ferron",3,38,20,1,7,11,0,0,8,2,14,0,4,0,0,0,0,0,0,0,0.526315789473684,0.0263157894736842,0.184210526315789,0.289473684210526,0,0,0.210526315789474,0.0526315789473684,0.368421052631579,0,0.105263157894737,0,0,0,0,0,0,0
72046,"Rômulo",5,14,0,0,0,0,0,0,0,0,0,0,0,0,0,0,0,0,0,0,0,0,0,0,0,0,0,0,0,0,0,0,0,0,0,0,0,0
72071,"Amaral",4,38,22,0,4,13,0,0,14,5,17,1,0,0,0,0,0,0,0,0,0.578947368421053,0,0.105263157894737,0.342105263157895,0,0,0.368421052631579,0.131578947368421,0.447368421052632,0.0263157894736842,0,0,0,0,0,0,0,0
72079,"Bruno Cortez",2,38,37,1,1,35,0,0,34,5,76,0,6,0,0,0,0,0,0,0,0.973684210526316,0.0263157894736842,0.0263157894736842,0.921052631578947,0,0,0.894736842105263,0.131578947368421,2,0,0.157894736842105,0,0,0,0,0,0,0
72084,"França",4,38,27,2,1,31,1,3,17,4,22,2,0,0,0,0,1,0,0,0,0.710526315789474,0.0526315789473684,0.0263157894736842,0.815789473684211,0.0263157894736842,0.0789473684210526,0.447368421052632,0.105263157894737,0.578947368421053,0.0526315789473684,0,0,0,0,0.0263157894736842,0,0,0
72097,"Giovanni",2,38,25,1,6,18,0,3,36,5,60,0,7,0,0,0,0,0,0,0,0.657894736842105,0.0263157894736842,0.157894736842105,0.473684210526316,0,0.0789473684210526,0.947368421052632,0.131578947368421,1.57894736842105,0,0.184210526315789,0,0,0,0,0,0,0
72099,"Wiliam Barbio",5,35,18,7,9,19,0,8,9,0,44,2,0,0,0,0,0,0,0,0,0.514285714285714,0.2,0.257142857142857,0.542857142857143,0,0.228571428571429,0.257142857142857,0,1.25714285714286,0.0571428571428571,0,0,0,0,0,0,0,0
72133,"Ednei",3,22,2,1,0,0,0,0,6,1,8,0,0,0,0,0,0,0,0,0,0.0909090909090909,0.0454545454545455,0,0,0,0,0.272727272727273,0.0454545454545455,0.363636363636364,0,0,0,0,0,0,0,0,0
72159,"Serginho",4,5,2,1,2,3,0,1,0,0,3,0,0,0,0,0,0,0,0,0,0.4,0.2,0.4,0.6,0,0.2,0,0,0.6,0,0,0,0,0,0,0,0,0
72167,"Mazinho",4,38,5,1,3,6,1,0,2,0,21,1,0,0,0,0,0,0,0,0,0.131578947368421,0.0263157894736842,0.0789473684210526,0.157894736842105,0.0263157894736842,0,0.0526315789473684,0,0.552631578947368,0.0263157894736842,0,0,0,0,0,0,0,0
72168,"João Paulo",4,38,3,0,0,6,0,0,1,0,8,0,0,0,0,0,0,0,0,0,0.0789473684210526,0,0,0.157894736842105,0,0,0.0263157894736842,0,0.210526315789474,0,0,0,0,0,0,0,0,0
72281,"Artur",2,9,2,0,0,3,0,0,3,0,6,0,0,0,0,0,0,0,0,0,0.222222222222222,0,0,0.333333333333333,0,0,0.333333333333333,0,0.666666666666667,0,0,0,0,0,0,0,0,0
72290,"Jailson",1,14,0,0,0,0,0,0,0,0,0,0,0,0,0,0,0,0,0,0,0,0,0,0,0,0,0,0,0,0,0,0,0,0,0,0,0,0
72334,"Ayrton",2,38,21,5,13,30,2,3,13,3,59,2,3,0,0,0,0,0,0,0,0.552631578947368,0.131578947368421,0.342105263157895,0.789473684210526,0.0526315789473684,0.0789473684210526,0.342105263157895,0.0789473684210526,1.55263157894737,0.0526315789473684,0.0789473684210526,0,0,0,0,0,0,0
72375,"Weldinho",2,29,6,1,0,1,0,0,8,0,10,0,1,0,0,0,0,0,0,0,0.206896551724138,0.0344827586206897,0,0.0344827586206897,0,0,0.275862068965517,0,0.344827586206897,0,0.0344827586206897,0,0,0,0,0,0,0
72376,"Cléber",3,15,18,2,6,12,0,0,24,2,31,0,8,0,0,0,0,0,0,0,1.2,0.133333333333333,0.4,0.8,0,0,1.6,0.133333333333333,2.06666666666667,0,0.533333333333333,0,0,0,0,0,0,0
72386,"Hernane",5,13,0,0,0,2,0,1,1,0,3,0,0,0,0,0,0,0,0,0,0,0,0,0.153846153846154,0,0.0769230769230769,0.0769230769230769,0,0.230769230769231,0,0,0,0,0,0,0,0,0
72389,"Mike",5,34,10,4,3,7,2,3,8,1,15,0,0,0,0,0,0,0,0,0,0.294117647058824,0.117647058823529,0.0882352941176471,0.205882352941176,0.0588235294117647,0.0882352941176471,0.235294117647059,0.0294117647058824,0.441176470588235,0,0,0,0,0,0,0,0,0
72488,"Follmann ",1,38,0,0,0,0,0,0,0,0,0,0,0,0,0,0,0,0,0,0,0,0,0,0,0,0,0,0,0,0,0,0,0,0,0,0,0,0
72491,"Bressan",3,38,13,2,1,7,0,1,14,2,33,0,8,0,0,0,1,0,0,0,0.342105263157895,0.0526315789473684,0.0263157894736842,0.184210526315789,0,0.0263157894736842,0.368421052631579,0.0526315789473684,0.868421052631579,0,0.210526315789474,0,0,0,0.0263157894736842,0,0,0
72495,"Moisés",2,38,23,0,4,23,0,1,13,2,19,1,3,0,0,0,0,0,0,0,0.605263157894737,0,0.105263157894737,0.605263157894737,0,0.0263157894736842,0.342105263157895,0.0526315789473684,0.5,0.0263157894736842,0.0789473684210526,0,0,0,0,0,0,0
72504,"Denilson",5,17,0,0,0,0,0,0,0,0,0,0,0,0,0,0,0,0,0,0,0,0,0,0,0,0,0,0,0,0,0,0,0,0,0,0,0,0
72603,"William Menezes",1,38,0,0,0,0,0,0,0,0,0,0,0,0,0,0,0,0,0,0,0,0,0,0,0,0,0,0,0,0,0,0,0,0,0,0,0,0
72742,"Wagner Lopes",6,16,0,0,0,0,0,0,0,0,0,0,0,0,0,0,0,0,0,0,0,0,0,0,0,0,0,0,0,0,0,0,0,0,0,0,0,0
72745,"Escudero",4,38,4,3,0,11,0,0,6,2,27,1,0,0,0,0,2,0,0,0,0.105263157894737,0.0789473684210526,0,0.289473684210526,0,0,0.157894736842105,0.0526315789473684,0.710526315789474,0.0263157894736842,0,0,0,0,0.0526315789473684,0,0,0
72768,"Muralha",4,38,7,0,3,4,0,0,14,1,12,0,0,0,0,0,0,0,0,0,0.184210526315789,0,0.0789473684210526,0.105263157894737,0,0,0.368421052631579,0.0263157894736842,0.315789473684211,0,0,0,0,0,0,0,0,0
72893,"Eduardo Da Silva",5,29,12,6,2,10,8,13,9,0,21,2,0,0,0,0,0,0,1,0,0.413793103448276,0.206896551724138,0.0689655172413793,0.344827586206897,0.275862068965517,0.448275862068966,0.310344827586207,0,0.724137931034483,0.0689655172413793,0,0,0,0,0,0,0.0344827586206897,0
72943,"Luís Cáceres",4,38,22,1,7,28,0,0,31,1,85,4,0,0,0,0,0,0,0,0,0.578947368421053,0.0263157894736842,0.184210526315789,0.736842105263158,0,0,0.815789473684211,0.0263157894736842,2.23684210526316,0.105263157894737,0,0,0,0,0,0,0,0
73025,"Geovane",5,24,0,0,0,0,0,0,0,0,0,0,0,0,0,0,0,0,0,0,0,0,0,0,0,0,0,0,0,0,0,0,0,0,0,0,0,0
73027,"Potita",5,38,1,0,0,7,0,0,4,0,3,0,0,0,0,0,0,0,0,0,0.0263157894736842,0,0,0.184210526315789,0,0,0.105263157894737,0,0.0789473684210526,0,0,0,0,0,0,0,0,0
73051,"Robert Flores",4,9,0,1,0,1,0,0,0,0,0,0,0,0,0,0,0,0,0,0,0,0.111111111111111,0,0.111111111111111,0,0,0,0,0,0,0,0,0,0,0,0,0,0
73055,"Bruno Fornaroli",5,30,0,0,0,0,0,0,0,0,0,0,0,0,0,0,0,0,0,0,0,0,0,0,0,0,0,0,0,0,0,0,0,0,0,0,0,0
73085,"Leandro",5,38,17,11,8,32,1,5,12,2,39,1,0,0,1,0,0,0,0,0,0.447368421052632,0.289473684210526,0.210526315789474,0.842105263157895,0.0263157894736842,0.131578947368421,0.315789473684211,0.0526315789473684,1.02631578947368,0.0263157894736842,0,0,0.0263157894736842,0,0,0,0,0
73213,"Miguel",5,9,0,0,0,0,0,0,0,0,0,0,0,0,0,0,0,0,0,0,0,0,0,0,0,0,0,0,0,0,0,0,0,0,0,0,0,0
73315,"Jorginho",6,25,0,0,0,0,0,0,0,0,0,0,0,0,0,0,0,0,0,0,0,0,0,0,0,0,0,0,0,0,0,0,0,0,0,0,0,0
73317,"Argel Fucks",6,28,0,0,0,0,0,0,0,0,0,0,0,0,0,0,0,0,0,0,0,0,0,0,0,0,0,0,0,0,0,0,0,0,0,0,0,0
73336,"Rafael Martins",1,38,0,0,0,0,0,0,0,0,0,0,0,0,0,0,0,0,0,0,0,0,0,0,0,0,0,0,0,0,0,0,0,0,0,0,0,0
73338,"Djair",4,38,0,0,0,0,0,0,0,0,0,0,0,0,0,0,0,0,0,0,0,0,0,0,0,0,0,0,0,0,0,0,0,0,0,0,0,0
73359,"Roniery",2,38,26,1,3,49,0,0,28,4,34,0,6,0,0,0,0,0,0,0,0.684210526315789,0.0263157894736842,0.0789473684210526,1.28947368421053,0,0,0.736842105263158,0.105263157894737,0.894736842105263,0,0.157894736842105,0,0,0,0,0,0,0
73375,"Felipe",3,38,5,2,3,7,0,2,10,1,20,0,5,0,1,0,0,0,0,0,0.131578947368421,0.0526315789473684,0.0789473684210526,0.184210526315789,0,0.0526315789473684,0.263157894736842,0.0263157894736842,0.526315789473684,0,0.131578947368421,0,0.0263157894736842,0,0,0,0,0
73383,"Rafael Costa",4,30,8,1,6,18,0,0,11,1,14,0,0,0,1,0,0,0,0,0,0.266666666666667,0.0333333333333333,0.2,0.6,0,0,0.366666666666667,0.0333333333333333,0.466666666666667,0,0,0,0.0333333333333333,0,0,0,0,0
73417,"Lima",2,38,24,5,9,14,0,1,15,2,72,2,7,0,0,0,0,0,0,0,0.631578947368421,0.131578947368421,0.236842105263158,0.368421052631579,0,0.0263157894736842,0.394736842105263,0.0526315789473684,1.89473684210526,0.0526315789473684,0.184210526315789,0,0,0,0,0,0,0
73423,"Rodrigo Defendi",3,9,0,0,0,0,0,0,0,0,1,0,0,0,0,0,0,0,0,0,0,0,0,0,0,0,0,0,0.111111111111111,0,0,0,0,0,0,0,0,0
73445,"Denner",4,38,0,0,0,0,0,0,0,0,0,0,0,0,0,0,0,0,0,0,0,0,0,0,0,0,0,0,0,0,0,0,0,0,0,0,0,0
73446,"Éderson",5,24,11,8,10,8,1,5,5,0,26,1,0,0,0,0,0,0,0,0,0.458333333333333,0.333333333333333,0.416666666666667,0.333333333333333,0.0416666666666667,0.208333333333333,0.208333333333333,0,1.08333333333333,0.0416666666666667,0,0,0,0,0,0,0,0
73454,"Cidinho",4,38,0,0,0,0,0,0,0,0,0,0,0,0,0,0,0,0,0,0,0,0,0,0,0,0,0,0,0,0,0,0,0,0,0,0,0,0
73465,"Luccas Claro",3,38,56,1,10,35,2,1,37,9,88,0,10,0,1,0,0,1,0,0,1.47368421052632,0.0263157894736842,0.263157894736842,0.921052631578947,0.0526315789473684,0.0263157894736842,0.973684210526316,0.236842105263158,2.31578947368421,0,0.263157894736842,0,0.0263157894736842,0,0,0.0263157894736842,0,0
73481,"Gilmar Dal Pozzo",6,20,0,0,0,0,0,0,0,0,0,0,0,0,0,0,0,0,0,0,0,0,0,0,0,0,0,0,0,0,0,0,0,0,0,0,0,0
73511,"Dudu Figueiredo",4,38,20,6,14,10,3,1,15,1,29,1,0,0,1,0,0,0,0,0,0.526315789473684,0.157894736842105,0.368421052631579,0.263157894736842,0.0789473684210526,0.0263157894736842,0.394736842105263,0.0263157894736842,0.763157894736842,0.0263157894736842,0,0,0.0263157894736842,0,0,0,0,0
73515,"Gabriel",4,38,15,5,4,20,3,3,6,1,35,1,0,0,0,0,0,0,0,0,0.394736842105263,0.131578947368421,0.105263157894737,0.526315789473684,0.0789473684210526,0.0789473684210526,0.157894736842105,0.0263157894736842,0.921052631578947,0.0263157894736842,0,0,0,0,0,0,0,0
73516,"Rafael",5,9,0,0,0,0,0,0,0,0,0,0,0,0,0,0,0,0,0,0,0,0,0,0,0,0,0,0,0,0,0,0,0,0,0,0,0,0
73517,"Douglas Pires",1,38,0,0,0,0,0,0,0,0,0,0,0,1,0,2,0,0,0,0,0,0,0,0,0,0,0,0,0,0,0,0.0263157894736842,0,0.0526315789473684,0,0,0,0
73527,"Willian Rocha",2,38,14,4,6,5,0,2,11,2,28,0,4,0,0,0,0,0,0,0,0.368421052631579,0.105263157894737,0.157894736842105,0.131578947368421,0,0.0526315789473684,0.289473684210526,0.0526315789473684,0.736842105263158,0,0.105263157894737,0,0,0,0,0,0,0
73530,"Wilson Pittoni",4,14,5,2,0,5,0,0,6,0,28,0,0,0,0,0,0,0,0,0,0.357142857142857,0.142857142857143,0,0.357142857142857,0,0,0.428571428571429,0,2,0,0,0,0,0,0,0,0,0
73531,"Washington",4,14,3,0,0,3,0,0,1,1,3,0,0,0,0,0,0,0,0,0,0.214285714285714,0,0,0.214285714285714,0,0,0.0714285714285714,0.0714285714285714,0.214285714285714,0,0,0,0,0,0,0,0,0
73540,"Rogério",5,28,18,7,10,42,2,2,12,5,40,0,0,0,0,0,0,0,0,0,0.642857142857143,0.25,0.357142857142857,1.5,0.0714285714285714,0.0714285714285714,0.428571428571429,0.178571428571429,1.42857142857143,0,0,0,0,0,0,0,0,0
73563,"Lúcio Maranhão",5,9,0,0,1,2,0,0,0,0,1,0,0,0,0,0,0,0,0,0,0,0,0.111111111111111,0.222222222222222,0,0,0,0,0.111111111111111,0,0,0,0,0,0,0,0,0
73617,"Emerson",2,35,3,0,1,0,0,0,2,0,7,1,3,0,0,0,0,0,0,0,0.0857142857142857,0,0.0285714285714286,0,0,0,0.0571428571428571,0,0.2,0.0285714285714286,0.0857142857142857,0,0,0,0,0,0,0
73620,"Bruno Alves",3,38,0,0,0,0,0,0,0,0,0,0,0,0,0,0,0,0,0,0,0,0,0,0,0,0,0,0,0,0,0,0,0,0,0,0,0,0
73633,"Júnior Timbó",4,14,0,1,0,1,0,0,1,0,4,0,0,0,0,0,0,0,0,0,0,0.0714285714285714,0,0.0714285714285714,0,0,0.0714285714285714,0,0.285714285714286,0,0,0,0,0,0,0,0,0
73634,"Felipe Lima",4,38,0,0,0,0,0,0,0,0,0,0,0,0,0,0,0,0,0,0,0,0,0,0,0,0,0,0,0,0,0,0,0,0,0,0,0,0
73635,"Rildo",5,38,16,4,13,47,1,11,10,1,31,0,0,0,0,0,0,0,0,0,0.421052631578947,0.105263157894737,0.342105263157895,1.23684210526316,0.0263157894736842,0.289473684210526,0.263157894736842,0.0263157894736842,0.815789473684211,0,0,0,0,0,0,0,0,0
73644,"Ivan",2,27,1,1,1,4,0,0,7,0,2,0,0,0,0,0,0,0,0,0,0.037037037037037,0.037037037037037,0.037037037037037,0.148148148148148,0,0,0.259259259259259,0,0.0740740740740741,0,0,0,0,0,0,0,0,0
73673,"Cañete",4,14,0,0,0,0,0,0,0,0,0,0,0,0,0,0,0,0,0,0,0,0,0,0,0,0,0,0,0,0,0,0,0,0,0,0,0,0
73684,"Mirabaje",4,24,0,0,0,0,0,0,0,0,0,0,0,0,0,0,0,0,0,0,0,0,0,0,0,0,0,0,0,0,0,0,0,0,0,0,0,0
73708,"Samudio",2,38,8,0,1,7,0,0,9,3,32,0,2,0,0,0,0,0,0,0,0.210526315789474,0,0.0263157894736842,0.184210526315789,0,0,0.236842105263158,0.0789473684210526,0.842105263157895,0,0.0526315789473684,0,0,0,0,0,0,0
73760,"Wallinson",3,28,0,0,0,0,0,0,0,0,0,0,0,0,0,0,0,0,0,0,0,0,0,0,0,0,0,0,0,0,0,0,0,0,0,0,0,0
73771,"Mineiro",4,38,0,0,0,0,0,0,0,0,0,0,0,0,0,0,0,0,0,0,0,0,0,0,0,0,0,0,0,0,0,0,0,0,0,0,0,0
73800,"Rodrigo Caio",3,38,8,0,1,8,0,2,10,2,13,0,2,0,0,0,0,0,0,0,0.210526315789474,0,0.0263157894736842,0.210526315789474,0,0.0526315789473684,0.263157894736842,0.0526315789473684,0.342105263157895,0,0.0526315789473684,0,0,0,0,0,0,0
73806,"Samuel ",5,30,27,9,6,30,2,4,10,4,34,1,0,0,0,0,0,0,0,0,0.9,0.3,0.2,1,0.0666666666666667,0.133333333333333,0.333333333333333,0.133333333333333,1.13333333333333,0.0333333333333333,0,0,0,0,0,0,0,0
73851,"Ronny",4,38,1,0,2,2,0,0,1,0,3,0,0,0,0,0,0,0,0,0,0.0263157894736842,0,0.0526315789473684,0.0526315789473684,0,0,0.0263157894736842,0,0.0789473684210526,0,0,0,0,0,0,0,0,0
73855,"Jubal",3,38,10,2,3,4,0,1,7,2,27,0,6,0,0,0,0,0,0,0,0.263157894736842,0.0526315789473684,0.0789473684210526,0.105263157894737,0,0.0263157894736842,0.184210526315789,0.0526315789473684,0.710526315789474,0,0.157894736842105,0,0,0,0,0,0,0
73857,"Jackson",2,38,0,0,0,0,0,0,0,0,0,0,0,0,0,0,0,0,0,0,0,0,0,0,0,0,0,0,0,0,0,0,0,0,0,0,0,0
73863,"Claudinei",4,38,10,0,1,2,0,0,14,1,17,0,0,0,0,0,0,0,0,0,0.263157894736842,0,0.0263157894736842,0.0526315789473684,0,0,0.368421052631579,0.0263157894736842,0.447368421052632,0,0,0,0,0,0,0,0,0
73869,"Lennon",2,38,0,0,0,0,0,0,0,0,0,0,0,0,0,0,0,0,0,0,0,0,0,0,0,0,0,0,0,0,0,0,0,0,0,0,0,0
73879,"Rogério",2,14,0,0,0,0,0,0,0,0,0,0,0,0,0,0,0,0,0,0,0,0,0,0,0,0,0,0,0,0,0,0,0,0,0,0,0,0
73890,"Mário Sérgio",2,9,0,0,0,0,0,0,0,0,0,0,0,0,0,0,0,0,0,0,0,0,0,0,0,0,0,0,0,0,0,0,0,0,0,0,0,0
73896,"Geuvânio",5,38,26,13,9,31,4,2,10,1,50,4,0,0,4,0,1,0,0,0,0.684210526315789,0.342105263157895,0.236842105263158,0.815789473684211,0.105263157894737,0.0526315789473684,0.263157894736842,0.0263157894736842,1.31578947368421,0.105263157894737,0,0,0.105263157894737,0,0.0263157894736842,0,0,0
73910,"Tobio",3,30,13,1,5,3,1,1,18,3,31,0,4,0,0,0,0,0,0,0,0.433333333333333,0.0333333333333333,0.166666666666667,0.1,0.0333333333333333,0.0333333333333333,0.6,0.1,1.03333333333333,0,0.133333333333333,0,0,0,0,0,0,0
73918,"Canteros",4,30,54,2,6,19,2,4,39,7,119,3,0,0,1,0,0,0,0,0,1.8,0.0666666666666667,0.2,0.633333333333333,0.0666666666666667,0.133333333333333,1.3,0.233333333333333,3.96666666666667,0.1,0,0,0.0333333333333333,0,0,0,0,0
73948,"Ricardo Gareca",6,12,0,0,0,0,0,0,0,0,0,0,0,0,0,0,0,0,0,0,0,0,0,0,0,0,0,0,0,0,0,0,0,0,0,0,0,0
73957,"Ewerton Páscoa ",4,38,12,0,1,11,1,0,8,1,16,0,0,0,0,0,0,1,0,0,0.315789473684211,0,0.0263157894736842,0.289473684210526,0.0263157894736842,0,0.210526315789474,0.0263157894736842,0.421052631578947,0,0,0,0,0,0,0.0263157894736842,0,0
73962,"Bruno Peres",2,9,0,1,0,0,0,0,3,0,3,0,1,0,0,0,0,0,0,0,0,0.111111111111111,0,0,0,0,0.333333333333333,0,0.333333333333333,0,0.111111111111111,0,0,0,0,0,0,0
73974,"Alison",4,38,61,4,3,26,1,2,45,9,36,0,0,0,0,0,1,0,0,0,1.60526315789474,0.105263157894737,0.0789473684210526,0.684210526315789,0.0263157894736842,0.0526315789473684,1.18421052631579,0.236842105263158,0.947368421052632,0,0,0,0,0,0.0263157894736842,0,0,0
74014,"Alemão",3,37,14,1,4,27,0,1,17,2,19,0,2,0,0,0,0,2,0,0,0.378378378378378,0.027027027027027,0.108108108108108,0.72972972972973,0,0.027027027027027,0.459459459459459,0.0540540540540541,0.513513513513513,0,0.0540540540540541,0,0,0,0,0.0540540540540541,0,0
74017,"Josa",4,17,21,1,0,9,0,0,7,2,17,0,0,0,0,0,0,0,0,0,1.23529411764706,0.0588235294117647,0,0.529411764705882,0,0,0.411764705882353,0.117647058823529,1,0,0,0,0,0,0,0,0,0
74059,"Elivelton",3,38,35,0,5,7,1,0,16,5,31,1,8,0,0,0,0,0,0,0,0.921052631578947,0,0.131578947368421,0.184210526315789,0.0263157894736842,0,0.421052631578947,0.131578947368421,0.815789473684211,0.0263157894736842,0.210526315789474,0,0,0,0,0,0,0
74060,"Luiz Antonio ",4,38,18,10,11,25,1,1,16,2,50,0,0,0,1,0,0,0,0,0,0.473684210526316,0.263157894736842,0.289473684210526,0.657894736842105,0.0263157894736842,0.0263157894736842,0.421052631578947,0.0526315789473684,1.31578947368421,0,0,0,0.0263157894736842,0,0,0,0,0
74061,"Roberto Fernández",1,25,0,0,0,4,0,0,0,3,6,0,1,24,0,25,0,0,0,0,0,0,0,0.16,0,0,0,0.12,0.24,0,0.04,0.96,0,1,0,0,0,0
74065,"Zeballos",5,38,36,14,17,36,6,2,8,0,72,2,0,0,1,0,0,0,1,0,0.947368421052632,0.368421052631579,0.447368421052632,0.947368421052632,0.157894736842105,0.0526315789473684,0.210526315789474,0,1.89473684210526,0.0526315789473684,0,0,0.0263157894736842,0,0,0,0.0263157894736842,0
74074,"Claudio Winck",2,38,23,4,6,4,2,0,9,2,21,0,8,0,0,0,0,0,0,0,0.605263157894737,0.105263157894737,0.157894736842105,0.105263157894737,0.0526315789473684,0,0.236842105263158,0.0526315789473684,0.552631578947368,0,0.210526315789474,0,0,0,0,0,0,0
74076,"Misael",4,38,0,0,0,0,0,0,0,0,0,0,0,0,0,0,0,0,0,0,0,0,0,0,0,0,0,0,0,0,0,0,0,0,0,0,0,0
74077,"Maycon Canário",4,24,0,0,0,0,0,0,0,0,0,0,0,0,0,0,0,0,0,0,0,0,0,0,0,0,0,0,0,0,0,0,0,0,0,0,0,0
74078,"Hernani",4,38,20,2,9,11,1,0,13,4,23,0,0,0,1,0,0,0,0,0,0.526315789473684,0.0526315789473684,0.236842105263158,0.289473684210526,0.0263157894736842,0,0.342105263157895,0.105263157894737,0.605263157894737,0,0,0,0.0263157894736842,0,0,0,0,0
74085,"Ademilson",5,38,4,6,4,17,1,5,5,1,21,1,0,0,0,0,0,0,0,0,0.105263157894737,0.157894736842105,0.105263157894737,0.447368421052632,0.0263157894736842,0.131578947368421,0.131578947368421,0.0263157894736842,0.552631578947368,0.0263157894736842,0,0,0,0,0,0,0,0
74086,"Pedro Paulo ",5,3,0,0,0,1,0,0,0,0,0,0,0,0,0,0,0,0,0,0,0,0,0,0.333333333333333,0,0,0,0,0,0,0,0,0,0,0,0,0,0
74087,"Léo Bonatini",5,38,0,0,1,1,0,0,0,0,3,0,0,0,0,0,0,0,0,0,0,0,0.0263157894736842,0.0263157894736842,0,0,0,0,0.0789473684210526,0,0,0,0,0,0,0,0,0
74096,"Saulo",1,38,0,0,0,0,0,0,0,0,0,0,0,0,0,0,0,0,0,0,0,0,0,0,0,0,0,0,0,0,0,0,0,0,0,0,0,0
74103,"Frauches ",3,38,0,0,0,0,0,0,0,0,0,0,0,0,0,0,0,0,0,0,0,0,0,0,0,0,0,0,0,0,0,0,0,0,0,0,0,0
74140,"Elber",4,38,8,3,6,25,0,3,6,0,39,2,0,0,0,0,0,0,0,0,0.210526315789474,0.0789473684210526,0.157894736842105,0.657894736842105,0,0.0789473684210526,0.157894736842105,0,1.02631578947368,0.0526315789473684,0,0,0,0,0,0,0,0
75295,"Paolo Guerrero",5,38,81,22,26,77,12,17,6,7,73,4,0,0,4,0,1,0,0,0,2.13157894736842,0.578947368421053,0.684210526315789,2.02631578947368,0.315789473684211,0.447368421052632,0.157894736842105,0.184210526315789,1.92105263157895,0.105263157894737,0,0,0.105263157894737,0,0.0263157894736842,0,0,0
77529,"Leandro Silva",2,38,39,4,6,18,0,1,29,1,78,1,7,0,0,0,1,0,0,0,1.02631578947368,0.105263157894737,0.157894736842105,0.473684210526316,0,0.0263157894736842,0.763157894736842,0.0263157894736842,2.05263157894737,0.0263157894736842,0.184210526315789,0,0,0,0.0263157894736842,0,0,0
77556,"Bruno",1,38,0,0,0,4,0,0,0,0,3,0,2,40,0,31,0,0,0,1,0,0,0,0.105263157894737,0,0,0,0,0.0789473684210526,0,0.0526315789473684,1.05263157894737,0,0.815789473684211,0,0,0,0.0263157894736842
77567,"Zé Mário",4,32,16,2,6,16,0,3,8,1,18,0,0,0,0,0,0,0,0,0,0.5,0.0625,0.1875,0.5,0,0.09375,0.25,0.03125,0.5625,0,0,0,0,0,0,0,0,0
77579,"Dellatorre",5,28,6,7,12,16,3,4,3,2,30,1,0,0,0,0,0,0,0,0,0.214285714285714,0.25,0.428571428571429,0.571428571428571,0.107142857142857,0.142857142857143,0.107142857142857,0.0714285714285714,1.07142857142857,0.0357142857142857,0,0,0,0,0,0,0,0
77599,"Romário",2,29,0,0,0,0,0,0,0,0,0,0,0,0,0,0,0,0,0,0,0,0,0,0,0,0,0,0,0,0,0,0,0,0,0,0,0,0
77670,"Gladestony",4,38,1,0,1,0,0,0,1,1,6,0,0,0,0,0,0,0,0,0,0.0263157894736842,0,0.0263157894736842,0,0,0,0.0263157894736842,0.0263157894736842,0.157894736842105,0,0,0,0,0,0,0,0,0
77673,"Patrick Vieira",4,38,3,1,1,4,0,0,1,0,5,0,0,0,0,0,0,0,0,0,0.0789473684210526,0.0263157894736842,0.0263157894736842,0.105263157894737,0,0,0.0263157894736842,0,0.131578947368421,0,0,0,0,0,0,0,0,0
77738,"Romarinho",5,19,7,3,8,23,3,1,9,2,22,1,0,0,0,0,0,0,0,0,0.368421052631579,0.157894736842105,0.421052631578947,1.21052631578947,0.157894736842105,0.0526315789473684,0.473684210526316,0.105263157894737,1.15789473684211,0.0526315789473684,0,0,0,0,0,0,0,0
77777,"João Schmidt ",4,35,0,0,0,0,0,0,0,0,0,0,0,0,0,0,0,0,0,0,0,0,0,0,0,0,0,0,0,0,0,0,0,0,0,0,0,0
77809,"William Pottker",5,11,0,0,0,1,0,0,2,0,2,0,0,0,0,0,0,0,0,0,0,0,0,0.0909090909090909,0,0,0.181818181818182,0,0.181818181818182,0,0,0,0,0,0,0,0,0
77827,"Bruno Oliveira",2,9,0,0,0,0,0,0,0,0,0,0,0,0,0,0,0,0,0,0,0,0,0,0,0,0,0,0,0,0,0,0,0,0,0,0,0,0
77895,"Emerson Conceição",2,38,27,0,2,11,0,6,14,4,42,1,5,0,0,0,0,0,0,0,0.710526315789474,0,0.0526315789473684,0.289473684210526,0,0.157894736842105,0.368421052631579,0.105263157894737,1.10526315789474,0.0263157894736842,0.131578947368421,0,0,0,0,0,0,0
77911,"Jean Deretti",4,18,0,0,1,1,0,0,0,0,1,0,0,0,0,0,0,0,0,0,0,0,0.0555555555555556,0.0555555555555556,0,0,0,0,0.0555555555555556,0,0,0,0,0,0,0,0,0
77912,"Neto",1,38,0,0,0,0,0,0,0,0,0,0,0,0,0,0,0,0,0,0,0,0,0,0,0,0,0,0,0,0,0,0,0,0,0,0,0,0
77967,"Mena",2,38,25,0,2,15,0,4,23,2,31,1,4,0,0,0,1,0,0,0,0.657894736842105,0,0.0526315789473684,0.394736842105263,0,0.105263157894737,0.605263157894737,0.0526315789473684,0.815789473684211,0.0263157894736842,0.105263157894737,0,0,0,0.0263157894736842,0,0,0
77994,"Mendieta",4,38,11,2,2,17,0,1,3,3,29,0,0,0,0,0,0,0,0,0,0.289473684210526,0.0526315789473684,0.0526315789473684,0.447368421052632,0,0.0263157894736842,0.0789473684210526,0.0789473684210526,0.763157894736842,0,0,0,0,0,0,0,0,0
78012,"Yuri Mamute",5,38,15,1,6,52,0,3,7,1,21,0,0,0,0,0,0,0,0,0,0.394736842105263,0.0263157894736842,0.157894736842105,1.36842105263158,0,0.0789473684210526,0.184210526315789,0.0263157894736842,0.552631578947368,0,0,0,0,0,0,0,0,0
78077,"Madson",2,11,0,0,0,0,0,0,0,0,0,0,0,0,0,0,0,0,0,0,0,0,0,0,0,0,0,0,0,0,0,0,0,0,0,0,0,0
78086,"César",1,38,1,0,0,0,0,0,0,0,0,0,0,0,0,0,1,0,0,0,0.0263157894736842,0,0,0,0,0,0,0,0,0,0,0,0,0,0.0263157894736842,0,0,0
78117,"Everaldo",5,38,18,10,12,34,6,7,4,1,28,0,0,0,1,0,0,0,0,0,0.473684210526316,0.263157894736842,0.315789473684211,0.894736842105263,0.157894736842105,0.184210526315789,0.105263157894737,0.0263157894736842,0.736842105263158,0,0,0,0.0263157894736842,0,0,0,0,0
78176,"Harrison",4,2,0,0,0,0,0,0,0,0,0,0,0,0,0,0,0,0,0,0,0,0,0,0,0,0,0,0,0,0,0,0,0,0,0,0,0,0
78235,"Leandrinho",4,38,5,2,1,4,0,1,2,0,2,0,0,0,0,0,0,0,0,0,0.131578947368421,0.0526315789473684,0.0263157894736842,0.105263157894737,0,0.0263157894736842,0.0526315789473684,0,0.0526315789473684,0,0,0,0,0,0,0,0,0
78236,"Danilo",5,18,5,2,0,2,0,0,2,0,10,0,0,0,0,0,0,0,0,0,0.277777777777778,0.111111111111111,0,0.111111111111111,0,0,0.111111111111111,0,0.555555555555556,0,0,0,0,0,0,0,0,0
78241,"Pabón",5,11,2,1,3,2,1,2,3,0,7,0,0,0,0,0,0,0,0,0,0.181818181818182,0.0909090909090909,0.272727272727273,0.181818181818182,0.0909090909090909,0.181818181818182,0.272727272727273,0,0.636363636363636,0,0,0,0,0,0,0,0,0
78248,"Gustavo Henrique",3,38,0,0,0,0,0,0,0,0,0,0,0,0,0,0,0,0,0,0,0,0,0,0,0,0,0,0,0,0,0,0,0,0,0,0,0,0
78379,"Barcos",5,38,59,23,24,42,14,24,22,5,101,1,0,0,3,0,1,0,0,0,1.55263157894737,0.605263157894737,0.631578947368421,1.10526315789474,0.368421052631579,0.631578947368421,0.578947368421053,0.131578947368421,2.65789473684211,0.0263157894736842,0,0,0.0789473684210526,0,0.0263157894736842,0,0,0
78407,"Douglas Grolli",3,27,20,2,5,14,2,3,16,3,21,0,6,0,0,0,0,0,0,0,0.740740740740741,0.0740740740740741,0.185185185185185,0.518518518518518,0.0740740740740741,0.111111111111111,0.592592592592593,0.111111111111111,0.777777777777778,0,0.222222222222222,0,0,0,0,0,0,0
78414,"Rafael Donato",3,34,0,0,0,0,0,0,0,0,0,0,0,0,0,0,0,0,0,0,0,0,0,0,0,0,0,0,0,0,0,0,0,0,0,0,0,0
78422,"Oswaldo",3,38,3,2,3,3,0,0,3,0,15,0,2,0,0,0,0,0,0,0,0.0789473684210526,0.0526315789473684,0.0789473684210526,0.0789473684210526,0,0,0.0789473684210526,0,0.394736842105263,0,0.0526315789473684,0,0,0,0,0,0,0
78423,"Timbó",2,38,0,0,0,0,0,0,0,0,0,0,0,0,0,0,0,0,0,0,0,0,0,0,0,0,0,0,0,0,0,0,0,0,0,0,0,0
78436,"Renan Lemos",2,38,0,0,0,0,0,0,0,0,0,0,0,0,0,0,0,0,0,0,0,0,0,0,0,0,0,0,0,0,0,0,0,0,0,0,0,0
78445,"Renê",2,38,49,7,9,42,0,0,61,2,212,3,13,0,1,0,0,0,0,0,1.28947368421053,0.184210526315789,0.236842105263158,1.10526315789474,0,0,1.60526315789474,0.0526315789473684,5.57894736842105,0.0789473684210526,0.342105263157895,0,0.0263157894736842,0,0,0,0,0
78458,"João Afonso",4,38,2,0,1,1,0,0,0,1,1,0,0,0,0,0,0,0,0,0,0.0526315789473684,0,0.0263157894736842,0.0263157894736842,0,0,0,0.0263157894736842,0.0263157894736842,0,0,0,0,0,0,0,0,0
78464,"Fábio Braga",4,38,0,0,0,0,0,0,0,0,0,0,0,0,0,0,0,0,0,0,0,0,0,0,0,0,0,0,0,0,0,0,0,0,0,0,0,0
78478,"Willian Arão",4,14,3,0,0,0,0,0,1,0,2,0,0,0,0,0,0,0,0,0,0.214285714285714,0,0,0,0,0,0.0714285714285714,0,0.142857142857143,0,0,0,0,0,0,0,0,0
78500,"Sérgio Manoel",4,38,7,0,2,8,0,0,7,1,17,0,0,0,0,0,0,0,0,0,0.184210526315789,0,0.0526315789473684,0.210526315789474,0,0,0.184210526315789,0.0263157894736842,0.447368421052632,0,0,0,0,0,0,0,0,0
78530,"Matheus Bertotto",4,25,11,1,2,5,0,1,11,2,6,0,0,0,0,0,0,0,0,0,0.44,0.04,0.08,0.2,0,0.04,0.44,0.08,0.24,0,0,0,0,0,0,0,0,0
78546,"Bruninho",4,38,0,0,1,2,0,0,0,1,1,0,0,0,0,0,0,0,0,0,0,0,0.0263157894736842,0.0526315789473684,0,0,0,0.0263157894736842,0.0263157894736842,0,0,0,0,0,0,0,0,0
78558,"Romulo Cabral",5,7,0,0,0,0,0,0,0,0,0,0,0,0,0,0,0,0,0,0,0,0,0,0,0,0,0,0,0,0,0,0,0,0,0,0,0,0
78578,"Paulinho",5,38,15,4,9,19,2,4,6,1,51,0,0,0,1,0,0,0,0,0,0.394736842105263,0.105263157894737,0.236842105263158,0.5,0.0526315789473684,0.105263157894737,0.157894736842105,0.0263157894736842,1.34210526315789,0,0,0,0.0263157894736842,0,0,0,0,0
78604,"Andrey",1,38,0,0,0,1,0,0,0,0,1,0,0,9,0,8,0,0,0,0,0,0,0,0.0263157894736842,0,0,0,0,0.0263157894736842,0,0,0.236842105263158,0,0.210526315789474,0,0,0,0
78605,"Gabriel",4,38,57,5,11,37,0,0,103,8,102,0,0,0,0,0,0,0,0,0,1.5,0.131578947368421,0.289473684210526,0.973684210526316,0,0,2.71052631578947,0.210526315789474,2.68421052631579,0,0,0,0,0,0,0,0,0
78646,"Fernando Fernandes",3,38,1,0,0,1,0,0,0,0,1,0,0,0,0,0,0,0,0,0,0.0263157894736842,0,0,0.0263157894736842,0,0,0,0,0.0263157894736842,0,0,0,0,0,0,0,0,0
78647,"Digão",2,9,0,0,0,0,0,0,0,0,0,0,0,0,0,0,0,0,0,0,0,0,0,0,0,0,0,0,0,0,0,0,0,0,0,0,0,0
78648,"Dráusio",3,38,17,1,1,4,1,2,8,3,13,0,2,0,0,0,1,0,0,0,0.447368421052632,0.0263157894736842,0.0263157894736842,0.105263157894737,0.0263157894736842,0.0526315789473684,0.210526315789474,0.0789473684210526,0.342105263157895,0,0.0526315789473684,0,0,0,0.0263157894736842,0,0,0
78694,"Guillermo Beltrán",5,29,6,1,0,6,0,4,0,0,4,0,0,0,0,0,0,0,0,0,0.206896551724138,0.0344827586206897,0,0.206896551724138,0,0.137931034482759,0,0,0.137931034482759,0,0,0,0,0,0,0,0,0
78715,"Ramiro",4,38,66,10,14,31,2,2,49,11,101,0,0,0,0,0,0,0,0,0,1.73684210526316,0.263157894736842,0.368421052631579,0.815789473684211,0.0526315789473684,0.0526315789473684,1.28947368421053,0.289473684210526,2.65789473684211,0,0,0,0,0,0,0,0,0
78716,"Nem",4,38,15,0,4,7,0,0,10,3,15,0,0,0,0,0,0,0,0,0,0.394736842105263,0,0.105263157894737,0.184210526315789,0,0,0.263157894736842,0.0789473684210526,0.394736842105263,0,0,0,0,0,0,0,0,0
78756,"Alemão",5,14,6,1,4,0,1,1,1,1,2,0,0,0,0,0,0,0,0,0,0.428571428571429,0.0714285714285714,0.285714285714286,0,0.0714285714285714,0.0714285714285714,0.0714285714285714,0.0714285714285714,0.142857142857143,0,0,0,0,0,0,0,0,0
78839,"Gabriel Gasparotto",1,38,0,0,0,0,0,0,0,0,0,0,0,0,0,0,0,0,0,0,0,0,0,0,0,0,0,0,0,0,0,0,0,0,0,0,0,0
78840,"Pedro Castro",4,2,0,0,0,0,0,0,0,0,0,0,0,0,0,0,0,0,0,0,0,0,0,0,0,0,0,0,0,0,0,0,0,0,0,0,0,0
78850,"Reinaldo",2,38,19,0,2,10,0,0,17,3,40,0,7,0,0,0,0,0,0,0,0.5,0,0.0526315789473684,0.263157894736842,0,0,0.447368421052632,0.0789473684210526,1.05263157894737,0,0.184210526315789,0,0,0,0,0,0,0
78891,"Petros",4,38,52,14,7,76,2,4,67,7,66,1,0,0,1,0,0,0,0,0,1.36842105263158,0.368421052631579,0.184210526315789,2,0.0526315789473684,0.105263157894737,1.76315789473684,0.184210526315789,1.73684210526316,0.0263157894736842,0,0,0.0263157894736842,0,0,0,0,0
78895,"Marcelo",3,38,22,5,2,3,1,0,22,2,27,0,6,0,1,0,0,0,0,0,0.578947368421053,0.131578947368421,0.0526315789473684,0.0789473684210526,0.0263157894736842,0,0.578947368421053,0.0526315789473684,0.710526315789474,0,0.157894736842105,0,0.0263157894736842,0,0,0,0,0
78936,"Rodrigo Souza",4,38,48,2,8,43,3,2,59,10,70,1,0,0,0,0,1,0,0,0,1.26315789473684,0.0526315789473684,0.210526315789474,1.13157894736842,0.0789473684210526,0.0526315789473684,1.55263157894737,0.263157894736842,1.84210526315789,0.0263157894736842,0,0,0,0,0.0263157894736842,0,0,0
78946,"Dória",3,18,17,0,2,7,0,0,10,3,29,0,2,0,0,0,0,0,0,0,0.944444444444444,0,0.111111111111111,0.388888888888889,0,0,0.555555555555556,0.166666666666667,1.61111111111111,0,0.111111111111111,0,0,0,0,0,0,0
78965,"Roni",4,38,5,5,4,12,0,3,3,1,6,0,0,0,0,0,0,0,0,0,0.131578947368421,0.131578947368421,0.105263157894737,0.315789473684211,0,0.0789473684210526,0.0789473684210526,0.0263157894736842,0.157894736842105,0,0,0,0,0,0,0,0,0
78967,"Dudu",5,17,6,6,1,24,0,2,6,0,11,0,0,0,0,0,0,0,0,0,0.352941176470588,0.352941176470588,0.0588235294117647,1.41176470588235,0,0.117647058823529,0.352941176470588,0,0.647058823529412,0,0,0,0,0,0,0,0,0
78968,"Leandro",5,38,37,12,23,37,8,15,6,3,20,3,0,0,1,0,0,0,0,0,0.973684210526316,0.315789473684211,0.605263157894737,0.973684210526316,0.210526315789474,0.394736842105263,0.157894736842105,0.0789473684210526,0.526315789473684,0.0789473684210526,0,0,0.0263157894736842,0,0,0,0,0
78977,"Bruno Mendes",5,24,2,2,1,0,0,0,1,0,0,0,0,0,0,0,0,0,0,0,0.0833333333333333,0.0833333333333333,0.0416666666666667,0,0,0,0.0416666666666667,0,0,0,0,0,0,0,0,0,0,0
78990,"Lucas Alves",3,38,0,0,0,0,0,0,0,0,0,0,0,0,0,0,0,0,0,0,0,0,0,0,0,0,0,0,0,0,0,0,0,0,0,0,0,0
78994,"Eduardo",4,38,11,0,1,15,0,0,10,1,23,0,0,0,0,0,0,0,0,0,0.289473684210526,0,0.0263157894736842,0.394736842105263,0,0,0.263157894736842,0.0263157894736842,0.605263157894737,0,0,0,0,0,0,0,0,0
79019,"Jayme De Almeida",6,4,0,0,0,0,0,0,0,0,0,0,0,0,0,0,0,0,0,0,0,0,0,0,0,0,0,0,0,0,0,0,0,0,0,0,0,0
79022,"Yguinho",5,38,0,0,0,0,0,0,0,0,0,0,0,0,0,0,0,0,0,0,0,0,0,0,0,0,0,0,0,0,0,0,0,0,0,0,0,0
79023,"Mattheus",4,38,1,0,0,2,0,0,0,0,5,0,0,0,0,0,0,0,0,0,0.0263157894736842,0,0,0.0526315789473684,0,0,0,0,0.131578947368421,0,0,0,0,0,0,0,0,0
79030,"Fabinho Gaúcho",2,38,0,0,0,0,0,0,0,0,0,0,0,0,0,0,0,0,0,0,0,0,0,0,0,0,0,0,0,0,0,0,0,0,0,0,0,0
79038,"Murilo",5,38,2,3,3,3,0,0,4,0,9,0,0,0,0,0,0,0,0,0,0.0526315789473684,0.0789473684210526,0.0789473684210526,0.0789473684210526,0,0,0.105263157894737,0,0.236842105263158,0,0,0,0,0,0,0,0,0
79042,"Tiago ",3,25,9,1,2,7,2,0,6,0,8,0,2,0,0,0,0,0,0,0,0.36,0.04,0.08,0.28,0.08,0,0.24,0,0.32,0,0.08,0,0,0,0,0,0,0
79044,"Wangler",4,32,0,0,0,0,0,0,0,0,0,0,0,0,0,0,0,0,0,0,0,0,0,0,0,0,0,0,0,0,0,0,0,0,0,0,0,0
79045,"Wellington Carvalho",3,20,0,0,0,0,0,0,0,0,0,0,0,0,0,0,0,0,0,0,0,0,0,0,0,0,0,0,0,0,0,0,0,0,0,0,0,0
79048,"Elisson",1,38,0,0,0,2,0,0,0,0,0,0,0,2,0,2,0,0,0,0,0,0,0,0.0526315789473684,0,0,0,0,0,0,0,0.0526315789473684,0,0.0526315789473684,0,0,0,0
79064,"Guilherme Biteco",4,2,0,0,0,0,0,0,0,0,0,0,0,0,0,0,0,0,0,0,0,0,0,0,0,0,0,0,0,0,0,0,0,0,0,0,0,0
79066,"Alex ",1,38,0,0,0,0,0,0,0,0,0,0,0,0,0,0,0,0,0,0,0,0,0,0,0,0,0,0,0,0,0,0,0,0,0,0,0,0
79193,"Abuda",4,38,30,5,6,21,2,0,28,6,40,0,0,0,0,0,0,0,0,0,0.789473684210526,0.131578947368421,0.157894736842105,0.552631578947368,0.0526315789473684,0,0.736842105263158,0.157894736842105,1.05263157894737,0,0,0,0,0,0,0,0,0
79228,"Bruno Furlan",5,18,0,0,0,2,0,1,0,0,1,0,0,0,0,0,0,0,0,0,0,0,0,0.111111111111111,0,0.0555555555555556,0,0,0.0555555555555556,0,0,0,0,0,0,0,0,0
79265,"Renan",1,38,0,0,0,0,0,0,0,0,0,0,0,0,0,0,0,0,0,0,0,0,0,0,0,0,0,0,0,0,0,0,0,0,0,0,0,0
79287,"Enrique Meza",3,38,3,0,1,0,0,0,2,0,8,1,3,0,0,0,0,0,0,0,0.0789473684210526,0,0.0263157894736842,0,0,0,0.0526315789473684,0,0.210526315789474,0.0263157894736842,0.0789473684210526,0,0,0,0,0,0,0
79334,"Ricardo Silva",3,38,0,0,0,2,1,0,2,0,2,0,0,0,0,0,0,0,0,0,0,0,0,0.0526315789473684,0.0263157894736842,0,0.0526315789473684,0,0.0526315789473684,0,0,0,0,0,0,0,0,0
79335,"Éverton",4,6,0,0,0,0,0,0,0,0,0,0,0,0,0,0,0,0,0,0,0,0,0,0,0,0,0,0,0,0,0,0,0,0,0,0,0,0
79339,"Dankler",3,38,18,2,0,9,0,0,18,3,55,0,3,0,0,0,1,1,0,0,0.473684210526316,0.0526315789473684,0,0.236842105263158,0,0,0.473684210526316,0.0789473684210526,1.44736842105263,0,0.0789473684210526,0,0,0,0.0263157894736842,0.0263157894736842,0,0
79343,"Doriva",6,9,0,0,0,0,0,0,0,0,0,0,0,0,0,0,0,0,0,0,0,0,0,0,0,0,0,0,0,0,0,0,0,0,0,0,0,0
79345,"Danilo Alves",5,15,10,1,3,3,0,1,2,0,7,0,0,0,0,0,0,0,0,0,0.666666666666667,0.0666666666666667,0.2,0.2,0,0.0666666666666667,0.133333333333333,0,0.466666666666667,0,0,0,0,0,0,0,0,0
79401,"Paulo Otávio",2,38,0,0,0,0,0,0,0,0,0,0,0,0,0,0,0,0,0,0,0,0,0,0,0,0,0,0,0,0,0,0,0,0,0,0,0,0
79535,"Vaná",1,38,0,0,0,0,0,0,0,0,0,0,0,0,0,0,0,0,0,0,0,0,0,0,0,0,0,0,0,0,0,0,0,0,0,0,0,0
79553,"Mansur",2,38,8,0,2,11,0,1,12,2,37,0,1,0,0,0,0,0,0,0,0.210526315789474,0,0.0526315789473684,0.289473684210526,0,0.0263157894736842,0.315789473684211,0.0526315789473684,0.973684210526316,0,0.0263157894736842,0,0,0,0,0,0,0
79578,"Sassá",5,9,4,0,1,1,0,1,0,0,0,0,0,0,0,0,0,0,0,0,0.444444444444444,0,0.111111111111111,0.111111111111111,0,0.111111111111111,0,0,0,0,0,0,0,0,0,0,0,0
79594,"Ednei",2,38,10,7,6,11,0,0,11,1,39,1,6,0,0,0,0,0,0,0,0.263157894736842,0.184210526315789,0.157894736842105,0.289473684210526,0,0,0.289473684210526,0.0263157894736842,1.02631578947368,0.0263157894736842,0.157894736842105,0,0,0,0,0,0,0
79701,"Lucas Silva",4,38,42,8,9,16,1,0,38,6,61,1,0,0,1,0,0,0,0,0,1.10526315789474,0.210526315789474,0.236842105263158,0.421052631578947,0.0263157894736842,0,1,0.157894736842105,1.60526315789474,0.0263157894736842,0,0,0.0263157894736842,0,0,0,0,0
79713,"Carlos Alberto",4,21,1,0,0,1,0,0,0,0,0,0,0,0,0,0,0,0,0,0,0.0476190476190476,0,0,0.0476190476190476,0,0,0,0,0,0,0,0,0,0,0,0,0,0
79733,"Leilson ",4,38,0,0,0,0,0,0,0,0,0,0,0,0,0,0,0,0,0,0,0,0,0,0,0,0,0,0,0,0,0,0,0,0,0,0,0,0
79826,"Douglas Santos",2,25,14,3,4,10,1,0,21,1,24,1,5,0,1,0,0,0,0,0,0.56,0.12,0.16,0.4,0.04,0,0.84,0.04,0.96,0.04,0.2,0,0.04,0,0,0,0,0
79887,"Fabiano",2,38,62,7,16,15,0,2,31,9,106,5,10,0,1,0,0,0,0,0,1.63157894736842,0.184210526315789,0.421052631578947,0.394736842105263,0,0.0526315789473684,0.815789473684211,0.236842105263158,2.78947368421053,0.131578947368421,0.263157894736842,0,0.0263157894736842,0,0,0,0,0
79892,"Nenén",4,38,7,3,2,20,0,0,3,1,24,1,0,0,0,0,0,0,0,0,0.184210526315789,0.0789473684210526,0.0526315789473684,0.526315789473684,0,0,0.0789473684210526,0.0263157894736842,0.631578947368421,0.0263157894736842,0,0,0,0,0,0,0,0
79947,"Marion",5,38,14,5,7,30,1,4,25,1,38,1,0,0,0,0,0,0,0,0,0.368421052631579,0.131578947368421,0.184210526315789,0.789473684210526,0.0263157894736842,0.105263157894737,0.657894736842105,0.0263157894736842,1,0.0263157894736842,0,0,0,0,0,0,0,0
79973,"Helton Leite",1,38,0,0,0,2,0,0,0,0,7,0,2,6,0,1,0,0,0,0,0,0,0,0.0526315789473684,0,0,0,0,0.184210526315789,0,0.0526315789473684,0.157894736842105,0,0.0263157894736842,0,0,0,0
80036,"Alex Alves",3,38,15,0,0,6,1,0,5,4,9,0,3,0,0,0,0,0,0,0,0.394736842105263,0,0,0.157894736842105,0.0263157894736842,0,0.131578947368421,0.105263157894737,0.236842105263158,0,0.0789473684210526,0,0,0,0,0,0,0
80076,"Zé Roberto",5,11,0,0,0,0,0,0,0,0,0,0,0,0,0,0,0,0,0,0,0,0,0,0,0,0,0,0,0,0,0,0,0,0,0,0,0,0
80163,"Railan",2,38,31,3,5,25,1,7,20,2,73,0,5,0,0,0,0,0,0,0,0.815789473684211,0.0789473684210526,0.131578947368421,0.657894736842105,0.0263157894736842,0.184210526315789,0.526315789473684,0.0526315789473684,1.92105263157895,0,0.131578947368421,0,0,0,0,0,0,0
80164,"Jussandro",2,22,8,0,0,8,0,0,8,0,26,1,1,0,0,0,0,0,0,0,0.363636363636364,0,0,0.363636363636364,0,0,0.363636363636364,0,1.18181818181818,0.0454545454545455,0.0454545454545455,0,0,0,0,0,0,0
80171,"Dedé",4,38,16,6,4,23,1,0,13,0,54,2,0,0,0,0,0,0,0,0,0.421052631578947,0.157894736842105,0.105263157894737,0.605263157894737,0.0263157894736842,0,0.342105263157895,0,1.42105263157895,0.0526315789473684,0,0,0,0,0,0,0,0
80188,"Marcos Junior",5,38,2,3,0,6,0,0,2,0,5,0,0,0,0,0,0,0,0,0,0.0526315789473684,0.0789473684210526,0,0.157894736842105,0,0,0.0526315789473684,0,0.131578947368421,0,0,0,0,0,0,0,0,0
80189,"Lucas Fonseca",3,38,18,3,4,38,0,0,35,3,58,0,6,0,0,0,0,0,0,0,0.473684210526316,0.0789473684210526,0.105263157894737,1,0,0,0.921052631578947,0.0789473684210526,1.52631578947368,0,0.157894736842105,0,0,0,0,0,0,0
80192,"Hugo Gumiero",1,24,0,0,0,0,0,0,0,0,0,0,0,0,0,0,0,0,0,0,0,0,0,0,0,0,0,0,0,0,0,0,0,0,0,0,0,0
80280,"Taiberson",5,26,0,0,0,1,1,0,0,0,0,0,0,0,0,0,0,0,0,0,0,0,0,0.0384615384615385,0.0384615384615385,0,0,0,0,0,0,0,0,0,0,0,0,0
80281,"Cleberson",3,38,44,3,7,22,5,8,29,11,68,0,12,0,1,0,0,0,0,0,1.15789473684211,0.0789473684210526,0.184210526315789,0.578947368421053,0.131578947368421,0.210526315789474,0.763157894736842,0.289473684210526,1.78947368421053,0,0.315789473684211,0,0.0263157894736842,0,0,0,0,0
80286,"Matheus Vidotto",1,20,0,0,0,0,0,0,0,0,0,0,0,0,0,0,0,0,0,0,0,0,0,0,0,0,0,0,0,0,0,0,0,0,0,0,0,0
80287,"Luciano",5,38,30,13,16,37,6,13,13,5,36,3,0,0,2,0,0,0,0,0,0.789473684210526,0.342105263157895,0.421052631578947,0.973684210526316,0.157894736842105,0.342105263157895,0.342105263157895,0.131578947368421,0.947368421052632,0.0789473684210526,0,0,0.0526315789473684,0,0,0,0,0
80313,"Gilberto ",2,38,26,3,3,11,0,0,20,4,50,0,4,0,0,0,0,0,0,0,0.684210526315789,0.0789473684210526,0.0789473684210526,0.289473684210526,0,0,0.526315789473684,0.105263157894737,1.31578947368421,0,0.105263157894737,0,0,0,0,0,0,0
80318,"Ezequiel",2,9,6,0,0,2,0,0,3,0,8,0,2,0,0,0,0,0,0,0,0.666666666666667,0,0,0.222222222222222,0,0,0.333333333333333,0,0.888888888888889,0,0.222222222222222,0,0,0,0,0,0,0
80319,"Raul",3,38,6,0,0,2,0,0,6,0,4,0,0,0,0,0,1,0,0,0,0.157894736842105,0,0,0.0526315789473684,0,0,0.157894736842105,0,0.105263157894737,0,0,0,0,0,0.0263157894736842,0,0,0
80320,"Diego Oliveira",4,2,0,0,0,0,0,0,0,0,0,0,0,0,0,0,0,0,0,0,0,0,0,0,0,0,0,0,0,0,0,0,0,0,0,0,0,0
80321,"Neílson",5,9,0,0,0,0,0,0,0,0,0,0,0,0,0,0,0,0,0,0,0,0,0,0,0,0,0,0,0,0,0,0,0,0,0,0,0,0
80324,"Jaílton",3,38,22,1,7,15,0,0,29,4,33,0,7,0,0,0,0,0,0,0,0.578947368421053,0.0263157894736842,0.184210526315789,0.394736842105263,0,0,0.763157894736842,0.105263157894737,0.868421052631579,0,0.184210526315789,0,0,0,0,0,0,0
80330,"Jocinei",4,9,0,0,0,0,0,0,0,0,0,0,0,0,0,0,0,0,0,0,0,0,0,0,0,0,0,0,0,0,0,0,0,0,0,0,0,0
80337,"Arthur ",5,38,6,1,7,13,0,4,11,0,6,0,0,0,0,0,0,0,0,0,0.157894736842105,0.0263157894736842,0.184210526315789,0.342105263157895,0,0.105263157894737,0.289473684210526,0,0.157894736842105,0,0,0,0,0,0,0,0,0
80370,"Edson",4,37,36,5,6,29,3,1,18,6,34,0,0,0,0,0,0,0,0,0,0.972972972972973,0.135135135135135,0.162162162162162,0.783783783783784,0.0810810810810811,0.027027027027027,0.486486486486487,0.162162162162162,0.918918918918919,0,0,0,0,0,0,0,0,0
80374,"Norberto ",4,38,59,5,7,47,1,1,52,8,74,4,0,0,0,0,0,0,0,0,1.55263157894737,0.131578947368421,0.184210526315789,1.23684210526316,0.0263157894736842,0.0263157894736842,1.36842105263158,0.210526315789474,1.94736842105263,0.105263157894737,0,0,0,0,0,0,0,0
80381,"Cesinha",5,14,2,0,3,10,0,0,2,0,5,0,0,0,0,0,0,0,0,0,0.142857142857143,0,0.214285714285714,0.714285714285714,0,0,0.142857142857143,0,0.357142857142857,0,0,0,0,0,0,0,0,0
80399,"Higor",4,38,0,0,0,2,0,0,2,0,4,0,0,0,0,0,0,0,0,0,0,0,0,0.0526315789473684,0,0,0.0526315789473684,0,0.105263157894737,0,0,0,0,0,0,0,0,0
80400,"Rafinha",4,38,8,0,0,12,0,0,6,1,11,0,0,0,0,0,0,0,0,0,0.210526315789474,0,0,0.315789473684211,0,0,0.157894736842105,0.0263157894736842,0.289473684210526,0,0,0,0,0,0,0,0,0
80403,"Maurides",5,38,0,0,0,0,0,1,0,0,0,0,0,0,0,0,0,0,0,0,0,0,0,0,0,0.0263157894736842,0,0,0,0,0,0,0,0,0,0,0,0
80431,"Maicon Silva",2,31,2,0,0,8,0,0,4,0,11,0,0,0,0,0,0,0,0,0,0.0645161290322581,0,0,0.258064516129032,0,0,0.129032258064516,0,0.354838709677419,0,0,0,0,0,0,0,0,0
80441,"Bonfim ",3,38,0,0,0,0,0,0,0,2,4,0,1,0,0,0,0,0,0,0,0,0,0,0,0,0,0,0.0526315789473684,0.105263157894737,0,0.0263157894736842,0,0,0,0,0,0,0
80456,"Diego Felipe",4,9,0,0,0,0,0,0,0,0,0,0,0,0,0,0,0,0,0,0,0,0,0,0,0,0,0,0,0,0,0,0,0,0,0,0,0,0
80536,"Victor Andrade",5,9,1,1,3,7,0,0,2,0,4,0,0,0,0,0,0,0,0,0,0.111111111111111,0.111111111111111,0.333333333333333,0.777777777777778,0,0,0.222222222222222,0,0.444444444444444,0,0,0,0,0,0,0,0,0
80537,"Michael",5,38,2,1,2,0,0,0,0,0,2,0,0,0,0,0,1,0,0,0,0.0526315789473684,0.0263157894736842,0.0526315789473684,0,0,0,0,0,0.0526315789473684,0,0,0,0,0,0.0263157894736842,0,0,0
80538,"Marlon",4,38,36,0,2,7,0,0,15,2,37,0,0,0,0,0,2,0,0,0,0.947368421052632,0,0.0526315789473684,0.184210526315789,0,0,0.394736842105263,0.0526315789473684,0.973684210526316,0,0,0,0,0,0.0526315789473684,0,0,0
80552,"Marquinhos Pedroso",2,38,19,0,2,11,0,1,14,2,28,1,4,0,0,0,0,0,0,0,0.5,0,0.0526315789473684,0.289473684210526,0,0.0263157894736842,0.368421052631579,0.0526315789473684,0.736842105263158,0.0263157894736842,0.105263157894737,0,0,0,0,0,0,0
80553,"Guilherme Lazaroni",2,38,7,0,2,19,0,0,5,0,23,0,2,0,0,0,0,0,0,0,0.184210526315789,0,0.0526315789473684,0.5,0,0,0.131578947368421,0,0.605263157894737,0,0.0526315789473684,0,0,0,0,0,0,0
80568,"Willie",5,38,11,6,6,14,1,7,5,2,23,0,0,0,0,0,0,0,0,0,0.289473684210526,0.157894736842105,0.157894736842105,0.368421052631579,0.0263157894736842,0.184210526315789,0.131578947368421,0.0526315789473684,0.605263157894737,0,0,0,0,0,0,0,0,0
80570,"Wendell",2,9,5,0,0,2,0,0,2,0,6,0,1,0,0,0,0,0,0,0,0.555555555555556,0,0,0.222222222222222,0,0,0.222222222222222,0,0.666666666666667,0,0.111111111111111,0,0,0,0,0,0,0
80572,"Alex Santos",5,38,0,0,0,0,0,0,0,0,0,0,0,0,0,0,0,0,0,0,0,0,0,0,0,0,0,0,0,0,0,0,0,0,0,0,0,0
80573,"Luiz Gustavo",3,38,29,1,0,29,1,0,37,6,58,0,2,0,0,0,0,0,0,0,0.763157894736842,0.0263157894736842,0,0.763157894736842,0.0263157894736842,0,0.973684210526316,0.157894736842105,1.52631578947368,0,0.0526315789473684,0,0,0,0,0,0,0
80576,"Renato",4,38,48,4,9,26,1,1,42,2,44,0,0,0,0,0,0,0,0,0,1.26315789473684,0.105263157894737,0.236842105263158,0.684210526315789,0.0263157894736842,0.0263157894736842,1.10526315789474,0.0526315789473684,1.15789473684211,0,0,0,0,0,0,0,0,0
80583,"Lucas Lima",4,38,46,13,15,77,3,3,48,5,161,5,0,0,0,0,0,0,0,0,1.21052631578947,0.342105263157895,0.394736842105263,2.02631578947368,0.0789473684210526,0.0789473684210526,1.26315789473684,0.131578947368421,4.23684210526316,0.131578947368421,0,0,0,0,0,0,0,0
80585,"Otávio",4,18,6,4,1,6,0,0,4,2,13,0,0,0,0,0,0,0,0,0,0.333333333333333,0.222222222222222,0.0555555555555556,0.333333333333333,0,0,0.222222222222222,0.111111111111111,0.722222222222222,0,0,0,0,0,0,0,0,0
80664,"Michel",2,9,0,0,0,0,0,0,0,0,0,0,0,0,0,0,0,0,0,0,0,0,0,0,0,0,0,0,0,0,0,0,0,0,0,0,0,0
80667,"Fernando",2,30,9,0,2,2,0,0,6,0,14,0,2,0,0,0,0,0,0,0,0.3,0,0.0666666666666667,0.0666666666666667,0,0,0.2,0,0.466666666666667,0,0.0666666666666667,0,0,0,0,0,0,0
80774,"Alan Pinheiro",5,38,1,0,1,0,0,0,1,0,4,0,0,0,0,0,0,0,0,0,0.0263157894736842,0,0.0263157894736842,0,0,0,0.0263157894736842,0,0.105263157894737,0,0,0,0,0,0,0,0,0
80777,"Wellington",5,38,0,0,0,0,0,0,0,0,0,0,0,0,0,0,0,0,0,0,0,0,0,0,0,0,0,0,0,0,0,0,0,0,0,0,0,0
80779,"Joílson",3,38,16,1,2,3,1,0,13,4,17,0,1,0,0,0,0,0,0,0,0.421052631578947,0.0263157894736842,0.0526315789473684,0.0789473684210526,0.0263157894736842,0,0.342105263157895,0.105263157894737,0.447368421052632,0,0.0263157894736842,0,0,0,0,0,0,0
80795,"Dieguinho",4,38,0,0,0,0,0,0,0,0,0,0,0,0,0,0,0,0,0,0,0,0,0,0,0,0,0,0,0,0,0,0,0,0,0,0,0,0
80853,"Pedro Geromel",3,38,34,3,3,14,0,1,33,6,42,0,15,0,0,0,2,0,0,0,0.894736842105263,0.0789473684210526,0.0789473684210526,0.368421052631579,0,0.0263157894736842,0.868421052631579,0.157894736842105,1.10526315789474,0,0.394736842105263,0,0,0,0.0526315789473684,0,0,0
80913,"Nixon",5,38,13,3,4,17,7,7,6,0,40,5,0,0,1,0,0,0,0,0,0.342105263157895,0.0789473684210526,0.105263157894737,0.447368421052632,0.184210526315789,0.184210526315789,0.157894736842105,0,1.05263157894737,0.131578947368421,0,0,0.0263157894736842,0,0,0,0,0
80944,"Marlone",4,38,4,2,5,17,0,3,11,1,35,2,0,0,0,0,0,0,0,0,0.105263157894737,0.0526315789473684,0.131578947368421,0.447368421052632,0,0.0789473684210526,0.289473684210526,0.0263157894736842,0.921052631578947,0.0526315789473684,0,0,0,0,0,0,0,0
80949,"Biro Biro",5,38,0,1,2,1,0,0,0,1,3,0,0,0,0,0,0,0,0,0,0,0.0263157894736842,0.0526315789473684,0.0263157894736842,0,0,0,0.0263157894736842,0.0789473684210526,0,0,0,0,0,0,0,0,0
81007,"Dedé",4,38,0,0,0,0,0,0,0,0,0,0,0,0,0,0,0,0,0,0,0,0,0,0,0,0,0,0,0,0,0,0,0,0,0,0,0,0
81031,"Marquinhos Santos",6,34,0,0,0,0,0,0,0,0,0,0,0,0,0,0,0,0,0,0,0,0,0,0,0,0,0,0,0,0,0,0,0,0,0,0,0,0
81091,"Jair",4,33,0,0,0,3,0,0,0,0,2,0,0,0,0,0,0,0,0,0,0,0,0,0.0909090909090909,0,0,0,0,0.0606060606060606,0,0,0,0,0,0,0,0,0
81121,"Mugni",4,38,28,7,11,20,2,4,31,2,84,2,0,0,0,0,0,0,0,0,0.736842105263158,0.184210526315789,0.289473684210526,0.526315789473684,0.0526315789473684,0.105263157894737,0.815789473684211,0.0526315789473684,2.21052631578947,0.0526315789473684,0,0,0,0,0,0,0,0
81148,"Ronaldo Mendes",4,12,1,0,1,1,0,0,0,0,1,0,0,0,0,0,0,0,0,0,0.0833333333333333,0,0.0833333333333333,0.0833333333333333,0,0,0,0,0.0833333333333333,0,0,0,0,0,0,0,0,0
81150,"Mayke",2,38,29,3,4,13,0,0,51,4,89,8,9,0,0,0,0,0,0,0,0.763157894736842,0.0789473684210526,0.105263157894737,0.342105263157895,0,0,1.34210526315789,0.105263157894737,2.34210526315789,0.210526315789474,0.236842105263158,0,0,0,0,0,0,0
81151,"Sandrinho",5,10,0,0,0,0,0,0,0,0,0,0,0,0,0,0,0,0,0,0,0,0,0,0,0,0,0,0,0,0,0,0,0,0,0,0,0,0
81223,"Erazo",3,38,0,0,0,0,0,0,2,0,1,0,1,0,0,0,0,0,0,0,0,0,0,0,0,0,0.0526315789473684,0,0.0263157894736842,0,0.0263157894736842,0,0,0,0,0,0,0
81236,"Ferreyra",5,38,9,6,5,9,0,7,2,3,21,1,0,0,0,0,0,0,0,0,0.236842105263158,0.157894736842105,0.131578947368421,0.236842105263158,0,0.184210526315789,0.0526315789473684,0.0789473684210526,0.552631578947368,0.0263157894736842,0,0,0,0,0,0,0,0
81543,"Josué",3,24,0,0,0,0,0,0,0,0,0,0,0,0,0,0,0,0,0,0,0,0,0,0,0,0,0,0,0,0,0,0,0,0,0,0,0,0
81770,"Clayton",5,38,21,10,9,17,5,6,8,4,70,4,0,0,0,0,0,0,0,0,0.552631578947368,0.263157894736842,0.236842105263158,0.447368421052632,0.131578947368421,0.157894736842105,0.210526315789474,0.105263157894737,1.84210526315789,0.105263157894737,0,0,0,0,0,0,0,0
81845,"Alisson",4,38,11,7,8,8,3,2,11,2,25,1,0,0,2,0,0,0,0,0,0.289473684210526,0.184210526315789,0.210526315789474,0.210526315789474,0.0789473684210526,0.0526315789473684,0.289473684210526,0.0526315789473684,0.657894736842105,0.0263157894736842,0,0,0.0526315789473684,0,0,0,0,0
81905,"Henrique",5,37,90,23,23,73,13,22,12,10,55,2,0,0,0,0,0,0,0,0,2.43243243243243,0.621621621621622,0.621621621621622,1.97297297297297,0.351351351351351,0.594594594594595,0.324324324324324,0.27027027027027,1.48648648648649,0.0540540540540541,0,0,0,0,0,0,0,0
81914,"Léo Lisboa",4,38,5,1,7,11,1,0,9,1,21,3,0,0,0,0,0,0,0,0,0.131578947368421,0.0263157894736842,0.184210526315789,0.289473684210526,0.0263157894736842,0,0.236842105263158,0.0263157894736842,0.552631578947368,0.0789473684210526,0,0,0,0,0,0,0,0
81950,"Jefferson",4,38,16,0,2,6,1,0,12,3,42,0,0,0,0,0,0,0,0,0,0.421052631578947,0,0.0526315789473684,0.157894736842105,0.0263157894736842,0,0.315789473684211,0.0789473684210526,1.10526315789474,0,0,0,0,0,0,0,0,0
81952,"Willian",4,38,4,0,1,5,0,0,3,0,5,0,0,0,0,0,0,0,0,0,0.105263157894737,0,0.0263157894736842,0.131578947368421,0,0,0.0789473684210526,0,0.131578947368421,0,0,0,0,0,0,0,0,0
82128,"Ferrugem",4,38,5,1,2,7,0,0,4,0,9,0,0,0,0,0,0,1,0,0,0.131578947368421,0.0263157894736842,0.0526315789473684,0.184210526315789,0,0,0.105263157894737,0,0.236842105263158,0,0,0,0,0,0,0.0263157894736842,0,0
82381,"Juninho",4,1,0,0,0,0,0,0,0,0,0,0,0,0,0,0,0,0,0,0,0,0,0,0,0,0,0,0,0,0,0,0,0,0,0,0,0,0
82408,"Bruninho",5,13,0,0,0,2,0,0,3,0,0,0,0,0,0,0,0,0,0,0,0,0,0,0.153846153846154,0,0,0.230769230769231,0,0,0,0,0,0,0,0,0,0,0
82419,"Luan Sérgio",1,35,0,0,0,0,0,0,0,0,0,0,0,0,0,0,0,0,0,0,0,0,0,0,0,0,0,0,0,0,0,0,0,0,0,0,0,0
82453,"Tadeu",1,38,0,0,0,0,0,0,0,0,0,0,0,0,0,0,0,0,0,0,0,0,0,0,0,0,0,0,0,0,0,0,0,0,0,0,0,0
82455,"Zé Rafael ",4,28,3,2,2,1,0,0,2,1,3,0,0,0,0,0,0,0,0,0,0.107142857142857,0.0714285714285714,0.0714285714285714,0.0357142857142857,0,0,0.0714285714285714,0.0357142857142857,0.107142857142857,0,0,0,0,0,0,0,0,0
82457,"Jean Felipe",2,38,0,0,0,0,0,0,0,0,0,0,0,0,0,0,0,0,0,0,0,0,0,0,0,0,0,0,0,0,0,0,0,0,0,0,0,0
82458,"Erwin",3,24,0,0,0,0,0,0,0,0,0,0,0,0,0,0,0,0,0,0,0,0,0,0,0,0,0,0,0,0,0,0,0,0,0,0,0,0
82459,"Rafael Zuchi",3,38,0,0,0,0,0,0,0,0,0,0,0,0,0,0,0,0,0,0,0,0,0,0,0,0,0,0,0,0,0,0,0,0,0,0,0,0
82463,"Otávio ",4,38,26,2,3,16,0,0,10,2,32,0,0,0,0,0,0,0,0,0,0.684210526315789,0.0526315789473684,0.0789473684210526,0.421052631578947,0,0,0.263157894736842,0.0526315789473684,0.842105263157895,0,0,0,0,0,0,0,0,0
82466,"Bruno Pelissari",4,24,0,0,0,0,0,0,0,0,0,0,0,0,0,0,0,0,0,0,0,0,0,0,0,0,0,0,0,0,0,0,0,0,0,0,0,0
82468,"Willyan Sotto",4,24,0,0,0,0,0,0,0,0,0,0,0,0,0,0,0,0,0,0,0,0,0,0,0,0,0,0,0,0,0,0,0,0,0,0,0,0
82469,"Douglas Coutinho ",5,38,30,11,18,16,7,6,9,3,38,1,0,0,1,0,0,0,0,0,0.789473684210526,0.289473684210526,0.473684210526316,0.421052631578947,0.184210526315789,0.157894736842105,0.236842105263158,0.0789473684210526,1,0.0263157894736842,0,0,0.0263157894736842,0,0,0,0,0
82472,"Fabiano",4,38,4,1,3,4,0,0,0,1,2,0,0,0,0,0,0,0,0,0,0.105263157894737,0.0263157894736842,0.0789473684210526,0.105263157894737,0,0,0,0.0263157894736842,0.0526315789473684,0,0,0,0,0,0,0,0,0
82474,"Gegê",4,38,4,1,3,5,0,0,2,1,10,0,0,0,0,0,0,0,0,0,0.105263157894737,0.0263157894736842,0.0789473684210526,0.131578947368421,0,0,0.0526315789473684,0.0263157894736842,0.263157894736842,0,0,0,0,0,0,0,0,0
82502,"Rafinha",5,38,7,3,4,22,0,3,8,1,44,0,0,0,0,0,0,0,0,0,0.184210526315789,0.0789473684210526,0.105263157894737,0.578947368421053,0,0.0789473684210526,0.210526315789474,0.0263157894736842,1.15789473684211,0,0,0,0,0,0,0,0,0
82503,"Rodolfo",4,3,0,0,0,0,0,0,0,0,0,0,0,0,0,0,0,0,0,0,0,0,0,0,0,0,0,0,0,0,0,0,0,0,0,0,0,0
82525,"Rodrigo Biro",2,38,47,2,5,45,0,1,50,9,74,0,7,0,0,0,0,0,0,0,1.23684210526316,0.0526315789473684,0.131578947368421,1.18421052631579,0,0.0263157894736842,1.31578947368421,0.236842105263158,1.94736842105263,0,0.184210526315789,0,0,0,0,0,0,0
82547,"Sérgio Raphael",3,32,0,0,0,0,0,0,0,0,0,0,0,0,0,0,0,0,0,0,0,0,0,0,0,0,0,0,0,0,0,0,0,0,0,0,0,0
82613,"Alan",3,38,8,0,5,3,0,0,6,2,10,0,2,0,0,0,0,0,0,0,0.210526315789474,0,0.131578947368421,0.0789473684210526,0,0,0.157894736842105,0.0526315789473684,0.263157894736842,0,0.0526315789473684,0,0,0,0,0,0,0
82625,"Maurinho",5,33,8,0,1,8,0,1,4,3,12,0,0,0,1,0,0,0,0,0,0.242424242424242,0,0.0303030303030303,0.242424242424242,0,0.0303030303030303,0.121212121212121,0.0909090909090909,0.363636363636364,0,0,0,0.0303030303030303,0,0,0,0,0
82626,"Thales ",3,38,0,0,0,0,0,0,0,0,0,0,0,0,0,0,0,0,0,0,0,0,0,0,0,0,0,0,0,0,0,0,0,0,0,0,0,0
82628,"Tinga",2,17,0,0,0,0,0,0,0,0,0,0,0,0,0,0,0,0,0,0,0,0,0,0,0,0,0,0,0,0,0,0,0,0,0,0,0,0
82630,"Calyson",4,38,0,0,0,0,0,0,0,0,0,0,0,0,0,0,0,0,0,0,0,0,0,0,0,0,0,0,0,0,0,0,0,0,0,0,0,0
82632,"Lucas Coelho",5,38,14,8,4,9,2,2,4,1,19,0,0,0,2,0,0,0,0,0,0.368421052631579,0.210526315789474,0.105263157894737,0.236842105263158,0.0526315789473684,0.0526315789473684,0.105263157894737,0.0263157894736842,0.5,0,0,0,0.0526315789473684,0,0,0,0,0
82635,"Igor",2,38,5,1,0,1,0,0,4,0,12,0,2,0,0,0,0,0,0,0,0.131578947368421,0.0263157894736842,0,0.0263157894736842,0,0,0.105263157894737,0,0.315789473684211,0,0.0526315789473684,0,0,0,0,0,0,0
82639,"Marcelo Hermes",4,2,0,0,0,0,0,0,0,0,0,0,0,0,0,0,0,0,0,0,0,0,0,0,0,0,0,0,0,0,0,0,0,0,0,0,0,0
82641,"Ronan",2,9,0,0,0,0,0,0,3,0,1,0,1,0,0,0,0,0,0,0,0,0,0,0,0,0,0.333333333333333,0,0.111111111111111,0,0.111111111111111,0,0,0,0,0,0,0
82647,"Régis",4,38,17,5,1,13,1,0,6,1,32,1,0,0,0,0,0,0,0,0,0.447368421052632,0.131578947368421,0.0263157894736842,0.342105263157895,0.0263157894736842,0,0.157894736842105,0.0263157894736842,0.842105263157895,0.0263157894736842,0,0,0,0,0,0,0,0
82657,"Miguel Ángel Portuga",6,5,0,0,0,0,0,0,0,0,0,0,0,0,0,0,0,0,0,0,0,0,0,0,0,0,0,0,0,0,0,0,0,0,0,0,0,0
82703,"Matheus Biteco",4,38,14,1,4,8,0,0,18,4,18,0,0,0,0,0,0,0,0,0,0.368421052631579,0.0263157894736842,0.105263157894737,0.210526315789474,0,0,0.473684210526316,0.105263157894737,0.473684210526316,0,0,0,0,0,0,0,0,0
82737,"Welinton Junior",5,38,5,3,3,9,2,5,0,3,5,1,0,0,0,0,0,0,0,0,0.131578947368421,0.0789473684210526,0.0789473684210526,0.236842105263158,0.0526315789473684,0.131578947368421,0,0.0789473684210526,0.131578947368421,0.0263157894736842,0,0,0,0,0,0,0,0
82768,"Danilo",1,38,0,0,0,16,0,0,0,0,28,0,12,51,0,34,0,0,0,1,0,0,0,0.421052631578947,0,0,0,0,0.736842105263158,0,0.315789473684211,1.34210526315789,0,0.894736842105263,0,0,0,0.0263157894736842
82769,"Alan",1,38,0,0,0,0,0,0,0,0,0,0,0,0,0,0,0,0,0,0,0,0,0,0,0,0,0,0,0,0,0,0,0,0,0,0,0,0
82787,"Joel",5,21,26,6,12,20,8,7,5,2,30,1,0,0,1,0,0,0,0,0,1.23809523809524,0.285714285714286,0.571428571428571,0.952380952380952,0.380952380952381,0.333333333333333,0.238095238095238,0.0952380952380952,1.42857142857143,0.0476190476190476,0,0,0.0476190476190476,0,0,0,0,0
82821,"Gabriel Soares",4,17,0,0,0,0,0,0,0,0,0,0,0,0,0,0,0,0,0,0,0,0,0,0,0,0,0,0,0,0,0,0,0,0,0,0,0,0
82884,"Matheus Gonzaga",4,25,0,0,0,0,0,0,0,0,0,0,0,0,0,0,0,0,0,0,0,0,0,0,0,0,0,0,0,0,0,0,0,0,0,0,0,0
82896,"Alisson Becker",1,38,0,0,0,3,0,0,0,1,4,0,2,11,0,13,0,0,0,0,0,0,0,0.0789473684210526,0,0,0,0.0263157894736842,0.105263157894737,0,0.0526315789473684,0.289473684210526,0,0.342105263157895,0,0,0,0
82928,"Edson",1,14,1,0,0,0,0,0,0,0,2,0,0,5,0,4,0,0,0,0,0.0714285714285714,0,0,0,0,0,0,0,0.142857142857143,0,0,0.357142857142857,0,0.285714285714286,0,0,0,0
83048,"Rafael Thyere",3,28,0,0,0,1,0,0,0,0,0,0,0,0,0,0,0,0,0,0,0,0,0,0.0357142857142857,0,0,0,0,0,0,0,0,0,0,0,0,0,0
83108,"Heitor",3,38,0,0,0,0,0,0,0,0,0,0,0,0,0,0,0,0,0,0,0,0,0,0,0,0,0,0,0,0,0,0,0,0,0,0,0,0
83130,"Erik ",5,26,0,2,0,1,0,0,0,0,1,0,0,0,0,0,0,0,0,0,0,0.0769230769230769,0,0.0384615384615385,0,0,0,0,0.0384615384615385,0,0,0,0,0,0,0,0,0
83134,"Igor Sartori",5,38,3,1,2,3,0,0,1,0,4,0,0,0,0,0,0,0,0,0,0.0789473684210526,0.0263157894736842,0.0526315789473684,0.0789473684210526,0,0,0.0263157894736842,0,0.105263157894737,0,0,0,0,0,0,0,0,0
83255,"Giva",5,38,0,0,0,1,0,0,2,0,2,1,0,0,0,0,0,0,0,0,0,0,0,0.0263157894736842,0,0,0.0526315789473684,0,0.0526315789473684,0.0263157894736842,0,0,0,0,0,0,0,0
83257,"Gabriel",5,38,24,13,15,36,8,25,10,3,62,5,0,0,4,0,0,0,0,0,0.631578947368421,0.342105263157895,0.394736842105263,0.947368421052632,0.210526315789474,0.657894736842105,0.263157894736842,0.0789473684210526,1.63157894736842,0.131578947368421,0,0,0.105263157894737,0,0,0,0,0
83258,"Filipe Ramon",2,38,0,0,0,0,0,0,0,0,0,0,0,0,0,0,0,0,0,0,0,0,0,0,0,0,0,0,0,0,0,0,0,0,0,0,0,0
83266,"Marcos Guilherme ",4,38,38,6,16,33,3,4,33,3,54,2,0,0,1,0,0,0,0,0,1,0.157894736842105,0.421052631578947,0.868421052631579,0.0789473684210526,0.105263157894737,0.868421052631579,0.0789473684210526,1.42105263157895,0.0526315789473684,0,0,0.0263157894736842,0,0,0,0,0
83439,"Maykon",5,38,0,0,0,0,0,0,0,0,0,0,0,0,0,0,0,0,0,0,0,0,0,0,0,0,0,0,0,0,0,0,0,0,0,0,0,0
83471,"Paulinho",5,11,1,0,0,2,0,0,0,0,0,0,0,0,0,0,0,0,0,0,0.0909090909090909,0,0,0.181818181818182,0,0,0,0,0,0,0,0,0,0,0,0,0,0
83506,"Vítor Michels",4,9,0,0,1,0,0,0,0,0,1,0,0,0,0,0,0,0,0,0,0,0,0.111111111111111,0,0,0,0,0,0.111111111111111,0,0,0,0,0,0,0,0,0
83511,"Érico Júnior",5,38,15,2,6,13,0,3,6,2,26,0,0,0,0,0,0,0,0,0,0.394736842105263,0.0526315789473684,0.157894736842105,0.342105263157895,0,0.0789473684210526,0.157894736842105,0.0526315789473684,0.684210526315789,0,0,0,0,0,0,0,0,0
83522,"Fagner Alemão",3,38,0,0,0,0,0,0,0,0,0,0,0,0,0,0,0,0,0,0,0,0,0,0,0,0,0,0,0,0,0,0,0,0,0,0,0,0
83528,"Léo Pereira",3,38,13,1,3,3,0,0,16,3,48,0,3,0,0,0,0,1,0,0,0.342105263157895,0.0263157894736842,0.0789473684210526,0.0789473684210526,0,0,0.421052631578947,0.0789473684210526,1.26315789473684,0,0.0789473684210526,0,0,0,0,0.0263157894736842,0,0
83614,"Bruno Lopes",5,38,41,14,7,25,0,8,10,7,22,2,0,0,0,0,0,0,0,0,1.07894736842105,0.368421052631579,0.184210526315789,0.657894736842105,0,0.210526315789474,0.263157894736842,0.184210526315789,0.578947368421053,0.0526315789473684,0,0,0,0,0,0,0,0
83615,"Thiago Martins",3,38,0,0,0,0,0,0,0,0,0,0,0,0,0,0,0,0,0,0,0,0,0,0,0,0,0,0,0,0,0,0,0,0,0,0,0,0
83688,"Luan",4,38,33,0,1,9,0,0,23,6,33,0,0,0,0,0,0,0,0,0,0.868421052631579,0,0.0263157894736842,0.236842105263158,0,0,0.605263157894737,0.157894736842105,0.868421052631579,0,0,0,0,0,0,0,0,0
83772,"Neilton",5,38,0,0,2,4,0,0,2,0,8,0,0,0,0,0,0,0,0,0,0,0,0.0526315789473684,0.105263157894737,0,0,0.0526315789473684,0,0.210526315789474,0,0,0,0,0,0,0,0,0
83811,"William Cordeiro",2,38,19,0,3,7,0,0,14,2,25,0,2,0,0,0,2,0,0,0,0.5,0,0.0789473684210526,0.184210526315789,0,0,0.368421052631579,0.0526315789473684,0.657894736842105,0,0.0526315789473684,0,0,0,0.0526315789473684,0,0,0
83872,"Erick",5,9,1,0,0,0,0,1,0,0,0,0,0,0,0,0,0,0,0,0,0.111111111111111,0,0,0,0,0.111111111111111,0,0,0,0,0,0,0,0,0,0,0,0
83920,"Wellington Neto",3,27,0,0,0,0,0,0,0,0,0,0,0,0,0,0,0,0,0,0,0,0,0,0,0,0,0,0,0,0,0,0,0,0,0,0,0,0
83963,"Leandro Canhoto",4,24,0,0,0,0,0,0,0,0,0,0,0,0,0,0,0,0,0,0,0,0,0,0,0,0,0,0,0,0,0,0,0,0,0,0,0,0
84098,"Gustavo",5,20,0,0,0,0,0,0,0,0,0,0,0,0,0,0,0,0,0,0,0,0,0,0,0,0,0,0,0,0,0,0,0,0,0,0,0,0
84099,"Anderson Talisca",4,9,13,9,22,17,2,3,12,2,30,0,0,0,0,0,0,0,0,0,1.44444444444444,1,2.44444444444444,1.88888888888889,0.222222222222222,0.333333333333333,1.33333333333333,0.222222222222222,3.33333333333333,0,0,0,0,0,0,0,0,0
84104,"Luizinho",4,38,0,0,0,0,0,0,0,0,0,0,0,0,0,0,0,0,0,0,0,0,0,0,0,0,0,0,0,0,0,0,0,0,0,0,0,0
84188,"Welton",4,38,0,0,0,0,0,0,0,0,0,0,0,0,0,0,0,0,0,0,0,0,0,0,0,0,0,0,0,0,0,0,0,0,0,0,0,0
84190,"Guilherme",5,24,0,0,0,0,0,0,0,0,0,0,0,0,0,0,0,0,0,0,0,0,0,0,0,0,0,0,0,0,0,0,0,0,0,0,0,0
84262,"Wallace",3,9,3,0,0,1,0,0,6,1,5,0,0,0,0,0,0,0,0,0,0.333333333333333,0,0,0.111111111111111,0,0,0.666666666666667,0.111111111111111,0.555555555555556,0,0,0,0,0,0,0,0,0
84263,"Jemerson",3,38,22,1,1,13,0,0,40,4,32,0,9,0,0,0,0,0,0,0,0.578947368421053,0.0263157894736842,0.0263157894736842,0.342105263157895,0,0,1.05263157894737,0.105263157894737,0.842105263157895,0,0.236842105263158,0,0,0,0,0,0,0
84312,"Anderson Mello",4,32,0,0,0,0,0,0,0,0,0,0,0,0,0,0,0,0,0,0,0,0,0,0,0,0,0,0,0,0,0,0,0,0,0,0,0,0
84313,"Feijão",4,38,7,0,0,0,0,0,4,0,5,0,0,0,0,0,0,0,0,0,0.184210526315789,0,0,0,0,0,0.105263157894737,0,0.131578947368421,0,0,0,0,0,0,0,0,0
84314,"Ítalo Melo",4,26,0,0,0,0,0,0,0,0,0,0,0,0,0,0,0,0,0,0,0,0,0,0,0,0,0,0,0,0,0,0,0,0,0,0,0,0
84318,"Samir ",3,38,16,2,5,13,1,1,22,2,26,1,3,0,0,0,0,0,0,0,0.421052631578947,0.0526315789473684,0.131578947368421,0.342105263157895,0.0263157894736842,0.0263157894736842,0.578947368421053,0.0526315789473684,0.684210526315789,0.0263157894736842,0.0789473684210526,0,0,0,0,0,0,0
84320,"Recife",4,38,7,1,0,0,0,0,6,0,14,0,0,0,0,0,0,0,0,0,0.184210526315789,0.0263157894736842,0,0,0,0,0.157894736842105,0,0.368421052631579,0,0,0,0,0,0,0,0,0
84379,"Raul",2,17,6,0,1,3,0,0,0,1,3,0,0,0,0,0,0,0,0,0,0.352941176470588,0,0.0588235294117647,0.176470588235294,0,0,0,0.0588235294117647,0.176470588235294,0,0,0,0,0,0,0,0,0
84382,"Danilo",2,38,24,3,8,15,3,3,6,6,35,2,11,0,0,0,0,0,0,0,0.631578947368421,0.0789473684210526,0.210526315789474,0.394736842105263,0.0789473684210526,0.0789473684210526,0.157894736842105,0.157894736842105,0.921052631578947,0.0526315789473684,0.289473684210526,0,0,0,0,0,0,0
84530,"Maxi Rodríguez",4,18,2,1,0,2,1,0,3,1,6,0,0,0,0,0,0,0,0,0,0.111111111111111,0.0555555555555556,0,0.111111111111111,0.0555555555555556,0,0.166666666666667,0.0555555555555556,0.333333333333333,0,0,0,0,0,0,0,0,0
84545,"Romulo",2,8,0,0,0,2,0,0,1,0,3,0,0,0,0,0,0,0,0,0,0,0,0,0.25,0,0,0.125,0,0.375,0,0,0,0,0,0,0,0,0
84554,"Lucão",3,38,2,2,0,3,1,0,6,1,19,0,2,0,0,0,0,1,0,0,0.0526315789473684,0.0526315789473684,0,0.0789473684210526,0.0263157894736842,0,0.157894736842105,0.0263157894736842,0.5,0,0.0526315789473684,0,0,0,0,0.0263157894736842,0,0
84585,"Allione",4,28,20,3,1,18,0,2,13,2,40,0,0,0,0,0,3,0,0,0,0.714285714285714,0.107142857142857,0.0357142857142857,0.642857142857143,0,0.0714285714285714,0.464285714285714,0.0714285714285714,1.42857142857143,0,0,0,0,0,0.107142857142857,0,0,0
84674,"Lucas Evangelista",4,35,0,0,0,0,0,0,0,0,0,0,0,0,0,0,0,0,0,0,0,0,0,0,0,0,0,0,0,0,0,0,0,0,0,0,0,0
84679,"Emanuel Biancucchi",4,38,16,5,10,43,2,1,12,0,41,1,0,0,0,0,0,0,0,0,0.421052631578947,0.131578947368421,0.263157894736842,1.13157894736842,0.0526315789473684,0.0263157894736842,0.315789473684211,0,1.07894736842105,0.0263157894736842,0,0,0,0,0,0,0,0
84707,"Jonatan Lucca",4,24,0,0,0,0,0,0,0,0,0,0,0,0,0,0,0,0,0,0,0,0,0,0,0,0,0,0,0,0,0,0,0,0,0,0,0,0
84761,"Claudinei Oliveira",6,21,0,0,0,0,0,0,0,0,0,0,0,0,0,0,0,0,0,0,0,0,0,0,0,0,0,0,0,0,0,0,0,0,0,0,0,0
84791,"Kenedy",5,38,10,4,8,15,2,0,3,1,14,1,0,0,1,0,0,0,0,0,0.263157894736842,0.105263157894737,0.210526315789474,0.394736842105263,0.0526315789473684,0,0.0789473684210526,0.0263157894736842,0.368421052631579,0.0263157894736842,0,0,0.0263157894736842,0,0,0,0,0
84794,"Matteus ",4,2,1,0,0,0,0,0,1,0,1,0,0,0,0,0,0,0,0,0,0.5,0,0,0,0,0,0.5,0,0.5,0,0,0,0,0,0,0,0,0
84848,"Erik",5,38,50,15,22,61,12,18,16,4,54,2,0,0,1,0,0,0,0,0,1.31578947368421,0.394736842105263,0.578947368421053,1.60526315789474,0.315789473684211,0.473684210526316,0.421052631578947,0.105263157894737,1.42105263157895,0.0526315789473684,0,0,0.0263157894736842,0,0,0,0,0
84851,"Lucas Cândido",4,38,0,0,0,0,0,0,0,0,0,0,0,0,0,0,0,0,0,0,0,0,0,0,0,0,0,0,0,0,0,0,0,0,0,0,0,0
84857,"Rafael Tavares",4,1,0,0,0,0,0,0,0,0,0,0,0,0,0,0,0,0,0,0,0,0,0,0,0,0,0,0,0,0,0,0,0,0,0,0,0,0
84860,"Abner",2,9,0,0,0,0,0,0,0,0,0,0,0,0,0,0,0,0,0,0,0,0,0,0,0,0,0,0,0,0,0,0,0,0,0,0,0,0
84861,"Alex Silva",2,38,32,4,5,50,0,4,23,6,79,3,9,0,0,0,0,0,0,0,0.842105263157895,0.105263157894737,0.131578947368421,1.31578947368421,0,0.105263157894737,0.605263157894737,0.157894736842105,2.07894736842105,0.0789473684210526,0.236842105263158,0,0,0,0,0,0,0
84863,"Alberto Valentim",6,7,0,0,0,0,0,0,0,0,0,0,0,0,0,0,0,0,0,0,0,0,0,0,0,0,0,0,0,0,0,0,0,0,0,0,0,0
84887,"Dener",4,38,25,0,1,5,0,0,16,2,16,0,0,0,0,0,0,0,0,0,0.657894736842105,0,0.0263157894736842,0.131578947368421,0,0,0.421052631578947,0.0526315789473684,0.421052631578947,0,0,0,0,0,0,0,0,0
84890,"Euller ",2,38,11,0,1,16,0,1,9,2,46,1,2,0,0,0,0,0,0,0,0.289473684210526,0,0.0263157894736842,0.421052631578947,0,0.0263157894736842,0.236842105263158,0.0526315789473684,1.21052631578947,0.0263157894736842,0.0526315789473684,0,0,0,0,0,0,0
84896,"Lucas Otávio",4,9,0,0,0,0,0,0,0,0,0,0,0,0,0,0,0,0,0,0,0,0,0,0,0,0,0,0,0,0,0,0,0,0,0,0,0,0
84918,"Rafael Ratão",5,22,0,0,0,0,0,0,0,0,0,0,0,0,0,0,0,0,0,0,0,0,0,0,0,0,0,0,0,0,0,0,0,0,0,0,0,0
84927,"Dodô",4,38,4,3,12,9,4,2,2,1,18,2,0,0,0,0,0,0,0,0,0.105263157894737,0.0789473684210526,0.315789473684211,0.236842105263158,0.105263157894737,0.0526315789473684,0.0526315789473684,0.0263157894736842,0.473684210526316,0.0526315789473684,0,0,0,0,0,0,0,0
84997,"Paulo",4,38,0,0,0,0,0,0,0,0,0,0,0,0,0,0,0,0,0,0,0,0,0,0,0,0,0,0,0,0,0,0,0,0,0,0,0,0
85004,"Marcos Felipe ",1,38,0,0,0,0,0,0,0,0,0,0,0,0,0,0,0,0,0,0,0,0,0,0,0,0,0,0,0,0,0,0,0,0,0,0,0,0
85027,"Carlos",5,38,16,17,21,28,5,24,12,2,43,0,0,0,1,0,0,0,0,0,0.421052631578947,0.447368421052632,0.552631578947368,0.736842105263158,0.131578947368421,0.631578947368421,0.315789473684211,0.0526315789473684,1.13157894736842,0,0,0,0.0263157894736842,0,0,0,0,0
85066,"Guillermo ",1,38,0,0,0,0,0,0,0,0,0,0,0,0,0,0,0,0,0,0,0,0,0,0,0,0,0,0,0,0,0,0,0,0,0,0,0,0
85067,"Matheus Salustiano",3,38,1,0,0,0,0,1,1,0,2,0,0,0,0,0,0,0,0,0,0.0263157894736842,0,0,0,0,0.0263157894736842,0.0263157894736842,0,0.0526315789473684,0,0,0,0,0,0,0,0,0
85083,"Vinícius Silvestre",1,38,0,0,0,0,0,0,0,0,0,0,0,0,0,0,0,0,0,0,0,0,0,0,0,0,0,0,0,0,0,0,0,0,0,0,0,0
85121,"Robert ",4,38,0,0,0,0,0,0,0,0,0,0,0,0,0,0,0,0,0,0,0,0,0,0,0,0,0,0,0,0,0,0,0,0,0,0,0,0
85149,"Ronaldo",4,38,16,1,1,12,0,0,11,3,19,0,0,0,0,0,0,0,0,0,0.421052631578947,0.0263157894736842,0.0263157894736842,0.315789473684211,0,0,0.289473684210526,0.0789473684210526,0.5,0,0,0,0,0,0,0,0,0
85210,"Jonatan Ponciano",5,30,0,0,0,0,0,0,0,0,0,0,0,0,0,0,0,0,0,0,0,0,0,0,0,0,0,0,0,0,0,0,0,0,0,0,0,0
85399,"Felipe Macedo",3,38,28,0,1,8,0,0,27,4,35,0,7,0,0,0,0,1,0,0,0.736842105263158,0,0.0263157894736842,0.210526315789474,0,0,0.710526315789474,0.105263157894737,0.921052631578947,0,0.184210526315789,0,0,0,0,0.0263157894736842,0,0
85400,"Marcelo",4,38,5,0,1,6,0,0,6,1,8,0,0,0,0,0,0,0,0,0,0.131578947368421,0,0.0263157894736842,0.157894736842105,0,0,0.157894736842105,0.0263157894736842,0.210526315789474,0,0,0,0,0,0,0,0,0
85403,"Daniel",4,4,2,0,0,1,0,1,1,0,2,0,0,0,0,0,0,0,0,0,0.5,0,0,0.25,0,0.25,0.25,0,0.5,0,0,0,0,0,0,0,0,0
85418,"Uilson",1,38,0,0,0,0,0,0,0,0,0,0,1,2,0,1,0,0,0,0,0,0,0,0,0,0,0,0,0,0,0.0263157894736842,0.0526315789473684,0,0.0263157894736842,0,0,0,0
85423,"Valdivia",4,38,26,6,13,42,2,1,16,1,28,3,0,0,0,0,0,0,0,0,0.684210526315789,0.157894736842105,0.342105263157895,1.10526315789474,0.0526315789473684,0.0263157894736842,0.421052631578947,0.0263157894736842,0.736842105263158,0.0789473684210526,0,0,0,0,0,0,0,0
85424,"Ailton",2,38,0,0,0,0,0,0,0,0,0,0,0,0,0,0,0,0,0,0,0,0,0,0,0,0,0,0,0,0,0,0,0,0,0,0,0,0
85425,"João Paulo",1,38,0,0,0,0,0,0,0,0,0,0,0,0,0,0,0,0,0,0,0,0,0,0,0,0,0,0,0,0,0,0,0,0,0,0,0,0
85607,"Léo Ceará",5,38,0,0,0,0,0,0,0,0,0,0,0,0,0,0,0,0,0,0,0,0,0,0,0,0,0,0,0,0,0,0,0,0,0,0,0,0
85629,"Daniel",4,38,9,2,3,6,5,3,10,0,32,3,0,0,0,0,0,0,0,0,0.236842105263158,0.0526315789473684,0.0789473684210526,0.157894736842105,0.131578947368421,0.0789473684210526,0.263157894736842,0,0.842105263157895,0.0789473684210526,0,0,0,0,0,0,0,0
85798,"João Paulo Kuspiosz",1,27,0,0,0,0,0,0,0,0,0,0,0,0,0,0,0,0,0,0,0,0,0,0,0,0,0,0,0,0,0,0,0,0,0,0,0,0
85882,"Diogo",2,38,8,0,2,9,0,0,11,0,23,1,3,0,0,0,0,0,0,0,0.210526315789474,0,0.0526315789473684,0.236842105263158,0,0,0.289473684210526,0,0.605263157894737,0.0263157894736842,0.0789473684210526,0,0,0,0,0,0,0
85930,"Aylon",5,32,0,0,0,2,0,0,0,0,1,0,0,0,0,0,0,0,0,0,0,0,0,0.0625,0,0,0,0,0.03125,0,0,0,0,0,0,0,0,0
85931,"Hyoran",4,38,2,1,0,7,0,0,1,1,4,0,0,0,0,0,0,0,0,0,0.0526315789473684,0.0263157894736842,0,0.184210526315789,0,0,0.0263157894736842,0.0263157894736842,0.105263157894737,0,0,0,0,0,0,0,0,0
86143,"Wanderson",3,14,0,0,0,0,0,0,0,0,0,0,0,0,0,0,0,0,0,0,0,0,0,0,0,0,0,0,0,0,0,0,0,0,0,0,0,0
86144,"Luizinho Mello",4,9,0,0,0,0,0,0,0,0,0,0,0,0,0,0,0,0,0,0,0,0,0,0,0,0,0,0,0,0,0,0,0,0,0,0,0,0
86189,"Mosquito",5,38,6,4,1,2,1,3,1,1,11,1,0,0,0,0,0,0,0,0,0.157894736842105,0.105263157894737,0.0263157894736842,0.0526315789473684,0.0263157894736842,0.0789473684210526,0.0263157894736842,0.0263157894736842,0.289473684210526,0.0263157894736842,0,0,0,0,0,0,0,0
86222,"Rodolfo",5,38,1,0,1,0,0,0,0,0,0,0,0,0,0,0,0,0,0,0,0.0263157894736842,0,0.0263157894736842,0,0,0,0,0,0,0,0,0,0,0,0,0,0,0
86264,"Natanael",2,38,38,8,12,35,0,6,36,6,128,8,11,0,0,0,0,0,0,0,1,0.210526315789474,0.315789473684211,0.921052631578947,0,0.157894736842105,0.947368421052632,0.157894736842105,3.36842105263158,0.210526315789474,0.289473684210526,0,0,0,0,0,0,0
86314,"Alex Santos",2,38,0,0,0,0,0,0,0,0,0,0,0,0,0,0,0,0,0,0,0,0,0,0,0,0,0,0,0,0,0,0,0,0,0,0,0,0
86315,"Anderson Santos",2,38,0,0,0,0,0,0,0,0,0,0,0,0,0,0,0,0,0,0,0,0,0,0,0,0,0,0,0,0,0,0,0,0,0,0,0,0
86334,"Roni",5,38,9,2,1,7,0,1,2,0,6,0,0,0,0,0,0,0,0,0,0.236842105263158,0.0526315789473684,0.0263157894736842,0.184210526315789,0,0.0263157894736842,0.0526315789473684,0,0.157894736842105,0,0,0,0,0,0,0,0,0
86409,"Lucas Olaza",2,38,6,1,0,5,0,0,3,1,7,1,1,0,0,0,0,0,0,0,0.157894736842105,0.0263157894736842,0,0.131578947368421,0,0,0.0789473684210526,0.0263157894736842,0.184210526315789,0.0263157894736842,0.0263157894736842,0,0,0,0,0,0,0
86410,"Victor Luis",2,38,33,4,11,31,1,0,30,0,65,3,7,0,0,0,0,0,0,0,0.868421052631579,0.105263157894737,0.289473684210526,0.815789473684211,0.0263157894736842,0,0.789473684210526,0,1.71052631578947,0.0789473684210526,0.184210526315789,0,0,0,0,0,0,0
86411,"Breno",2,16,4,0,0,0,0,0,4,0,4,0,0,0,0,0,0,0,0,0,0.25,0,0,0,0,0,0.25,0,0.25,0,0,0,0,0,0,0,0,0
86419,"Jonathan",5,31,0,0,1,2,0,0,1,0,2,0,0,0,0,0,0,0,0,0,0,0,0.032258064516129,0.0645161290322581,0,0,0.032258064516129,0,0.0645161290322581,0,0,0,0,0,0,0,0,0
86436,"Alan Ruiz",4,38,34,13,13,49,4,2,10,8,33,2,0,0,1,0,0,0,0,0,0.894736842105263,0.342105263157895,0.342105263157895,1.28947368421053,0.105263157894737,0.0526315789473684,0.263157894736842,0.210526315789474,0.868421052631579,0.0526315789473684,0,0,0.0263157894736842,0,0,0,0,0
86444,"Pablo Dyego",2,38,0,0,0,0,0,0,0,0,0,0,0,0,0,0,0,0,0,0,0,0,0,0,0,0,0,0,0,0,0,0,0,0,0,0,0,0
86449,"Samuel",1,38,0,0,0,0,0,0,0,0,0,0,0,0,0,0,0,0,0,0,0,0,0,0,0,0,0,0,0,0,0,0,0,0,0,0,0,0
86491,"Jonatha Fumaça",5,38,0,0,0,0,0,0,0,0,0,0,0,0,0,0,0,0,0,0,0,0,0,0,0,0,0,0,0,0,0,0,0,0,0,0,0,0
86502,"Jonathan Ferrari",3,8,0,0,0,0,0,0,0,0,0,0,0,0,0,0,0,0,0,0,0,0,0,0,0,0,0,0,0,0,0,0,0,0,0,0,0,0
86512,"Bruno Gomes",5,14,0,0,0,0,0,0,0,0,0,0,0,0,0,0,0,0,0,0,0,0,0,0,0,0,0,0,0,0,0,0,0,0,0,0,0,0
86517,"Flavio",1,38,0,0,0,0,0,0,0,0,0,0,0,0,0,0,0,0,0,0,0,0,0,0,0,0,0,0,0,0,0,0,0,0,0,0,0,0
86519,"Everton Felipe",4,11,0,0,0,0,0,0,0,0,0,0,0,0,0,0,0,0,0,0,0,0,0,0,0,0,0,0,0,0,0,0,0,0,0,0,0,0
86587,"Igor Leandro",3,38,0,0,0,0,0,0,0,0,0,0,0,0,0,0,0,0,0,0,0,0,0,0,0,0,0,0,0,0,0,0,0,0,0,0,0,0
86588,"Ícaro",4,38,0,0,0,0,0,0,0,0,0,0,0,0,0,0,0,0,0,0,0,0,0,0,0,0,0,0,0,0,0,0,0,0,0,0,0,0
86744,"Canavesio",3,38,0,0,0,0,0,0,0,0,0,0,0,0,0,0,0,0,0,0,0,0,0,0,0,0,0,0,0,0,0,0,0,0,0,0,0,0
86748,"Breno",2,38,8,1,3,10,0,3,12,1,21,0,3,0,0,0,0,0,0,0,0.210526315789474,0.0263157894736842,0.0789473684210526,0.263157894736842,0,0.0789473684210526,0.315789473684211,0.0263157894736842,0.552631578947368,0,0.0789473684210526,0,0,0,0,0,0,0
86754,"Guilherme Amorim",4,38,0,0,0,0,0,0,0,0,0,0,0,0,0,0,0,0,0,0,0,0,0,0,0,0,0,0,0,0,0,0,0,0,0,0,0,0
86757,"Everton",5,38,0,4,3,1,0,0,2,0,3,0,0,0,0,0,0,0,0,0,0,0.105263157894737,0.0789473684210526,0.0263157894736842,0,0,0.0526315789473684,0,0.0789473684210526,0,0,0,0,0,0,0,0,0
86759,"Luan",5,38,46,15,20,38,4,10,22,4,70,2,0,0,1,0,0,0,0,0,1.21052631578947,0.394736842105263,0.526315789473684,1,0.105263157894737,0.263157894736842,0.578947368421053,0.105263157894737,1.84210526315789,0.0526315789473684,0,0,0.0263157894736842,0,0,0,0,0
86760,"Lucas Macanhan",1,24,0,0,0,0,0,0,0,0,0,0,0,0,0,0,0,0,0,0,0,0,0,0,0,0,0,0,0,0,0,0,0,0,0,0,0,0
86761,"Gerson",3,24,0,0,0,0,0,0,0,0,0,0,0,0,0,0,0,0,0,0,0,0,0,0,0,0,0,0,0,0,0,0,0,0,0,0,0,0
86762,"Tárik",3,24,0,0,0,0,0,0,0,0,0,0,0,0,0,0,0,0,0,0,0,0,0,0,0,0,0,0,0,0,0,0,0,0,0,0,0,0
86763,"Jonathan Fernando",2,24,0,0,0,0,0,0,0,0,0,0,0,0,0,0,0,0,0,0,0,0,0,0,0,0,0,0,0,0,0,0,0,0,0,0,0,0
86764,"Sidcley",2,38,1,0,3,3,0,0,4,0,11,0,2,0,0,0,0,0,0,0,0.0263157894736842,0,0.0789473684210526,0.0789473684210526,0,0,0.105263157894737,0,0.289473684210526,0,0.0526315789473684,0,0,0,0,0,0,0
86765,"Bruno Mota",4,24,0,0,0,0,0,0,0,0,0,0,0,0,0,0,0,0,0,0,0,0,0,0,0,0,0,0,0,0,0,0,0,0,0,0,0,0
86767,"Dominic",5,24,0,0,0,0,0,0,0,0,0,0,0,0,0,0,0,0,0,0,0,0,0,0,0,0,0,0,0,0,0,0,0,0,0,0,0,0
86792,"Mauri",4,24,1,0,1,1,0,0,0,0,3,0,0,0,0,0,0,0,0,0,0.0416666666666667,0,0.0416666666666667,0.0416666666666667,0,0,0,0,0.125,0,0,0,0,0,0,0,0,0
86820,"Reginaldo ",2,38,10,2,2,10,0,1,12,1,22,0,3,0,0,0,0,0,0,0,0.263157894736842,0.0526315789473684,0.0526315789473684,0.263157894736842,0,0.0263157894736842,0.315789473684211,0.0263157894736842,0.578947368421053,0,0.0789473684210526,0,0,0,0,0,0,0
86836,"Sidney",4,38,8,0,0,1,0,0,2,3,5,0,0,0,0,0,0,0,0,0,0.210526315789474,0,0,0.0263157894736842,0,0,0.0526315789473684,0.0789473684210526,0.131578947368421,0,0,0,0,0,0,0,0,0
86837,"Diego Cardoso",5,38,11,2,2,6,2,1,2,0,2,0,0,0,0,0,0,0,0,0,0.289473684210526,0.0526315789473684,0.0526315789473684,0.157894736842105,0.0526315789473684,0.0263157894736842,0.0526315789473684,0,0.0526315789473684,0,0,0,0,0,0,0,0,0
86841,"Boschilia",4,38,9,4,5,12,1,1,7,0,14,0,0,0,0,0,0,0,0,0,0.236842105263158,0.105263157894737,0.131578947368421,0.315789473684211,0.0263157894736842,0.0263157894736842,0.184210526315789,0,0.368421052631579,0,0,0,0,0,0,0,0,0
86842,"Ewandro",5,38,2,0,1,1,0,0,2,0,3,0,0,0,0,0,0,0,0,0,0.0526315789473684,0,0.0263157894736842,0.0263157894736842,0,0,0.0526315789473684,0,0.0789473684210526,0,0,0,0,0,0,0,0,0
86859,"José Welison",4,38,34,4,13,18,1,1,29,6,56,1,0,0,0,0,0,0,0,0,0.894736842105263,0.105263157894737,0.342105263157895,0.473684210526316,0.0263157894736842,0.0263157894736842,0.763157894736842,0.157894736842105,1.47368421052632,0.0263157894736842,0,0,0,0,0,0,0,0
86860,"Guilherme",2,38,0,0,0,0,0,0,0,0,0,0,0,0,0,0,0,0,0,0,0,0,0,0,0,0,0,0,0,0,0,0,0,0,0,0,0,0
86927,"Nadson",5,38,0,0,0,0,0,0,0,0,0,0,0,0,0,0,0,0,0,0,0,0,0,0,0,0,0,0,0,0,0,0,0,0,0,0,0,0
86928,"David",1,38,0,0,0,0,0,0,0,0,0,0,0,0,0,0,0,0,0,0,0,0,0,0,0,0,0,0,0,0,0,0,0,0,0,0,0,0
86929,"Ronaldo",1,38,0,0,0,0,0,0,0,0,0,0,0,0,0,0,0,0,0,0,0,0,0,0,0,0,0,0,0,0,0,0,0,0,0,0,0,0
86931,"Ruan",4,38,0,0,0,0,0,0,0,0,0,0,0,0,0,0,0,0,0,0,0,0,0,0,0,0,0,0,0,0,0,0,0,0,0,0,0,0
86932,"Gustavo",5,38,7,0,6,6,0,6,1,0,8,0,0,0,0,0,0,0,0,0,0.184210526315789,0,0.157894736842105,0.157894736842105,0,0.157894736842105,0.0263157894736842,0,0.210526315789474,0,0,0,0,0,0,0,0,0
86934,"Túlio",4,38,0,0,0,0,0,0,0,0,0,0,0,0,0,0,0,0,0,0,0,0,0,0,0,0,0,0,0,0,0,0,0,0,0,0,0,0
86935,"Rodrigo",4,38,12,0,1,7,0,0,11,0,15,0,0,0,0,0,0,0,0,0,0.315789473684211,0,0.0263157894736842,0.184210526315789,0,0,0.289473684210526,0,0.394736842105263,0,0,0,0,0,0,0,0,0
86936,"Ray",4,9,0,0,0,0,0,0,0,0,0,0,0,0,0,0,0,0,0,0,0,0,0,0,0,0,0,0,0,0,0,0,0,0,0,0,0,0
86943,"Liniker",4,38,7,1,3,10,0,0,1,0,12,0,0,0,0,0,0,0,0,0,0.184210526315789,0.0263157894736842,0.0789473684210526,0.263157894736842,0,0,0.0263157894736842,0,0.315789473684211,0,0,0,0,0,0,0,0,0
86969,"Rhuan",2,38,0,0,0,0,0,0,0,0,0,0,0,0,0,0,0,0,0,0,0,0,0,0,0,0,0,0,0,0,0,0,0,0,0,0,0,0
87008,"Léo",1,21,0,0,0,0,0,0,0,0,0,0,0,0,0,0,0,0,0,0,0,0,0,0,0,0,0,0,0,0,0,0,0,0,0,0,0,0
87009,"Nathan",4,38,4,3,2,9,0,3,2,1,9,1,0,0,0,0,0,0,0,0,0.105263157894737,0.0789473684210526,0.0526315789473684,0.236842105263158,0,0.0789473684210526,0.0526315789473684,0.0263157894736842,0.236842105263158,0.0263157894736842,0,0,0,0,0,0,0,0
87101,"Stéfano Yuri",5,38,4,1,0,3,0,2,1,1,3,0,0,0,0,0,0,0,0,0,0.105263157894737,0.0263157894736842,0,0.0789473684210526,0,0.0526315789473684,0.0263157894736842,0.0263157894736842,0.0789473684210526,0,0,0,0,0,0,0,0,0
87185,"Mario Risso",3,11,0,0,0,0,0,0,0,0,0,0,0,0,0,0,0,0,0,0,0,0,0,0,0,0,0,0,0,0,0,0,0,0,0,0,0,0
87191,"Jorge Eduardo",5,38,3,2,1,4,0,0,3,0,6,0,0,0,0,0,0,0,0,0,0.0789473684210526,0.0526315789473684,0.0263157894736842,0.105263157894737,0,0,0.0789473684210526,0,0.157894736842105,0,0,0,0,0,0,0,0,0
87192,"Zeca",2,38,14,1,0,11,0,0,17,0,33,1,6,0,0,0,0,0,0,0,0.368421052631579,0.0263157894736842,0,0.289473684210526,0,0,0.447368421052632,0,0.868421052631579,0.0263157894736842,0.157894736842105,0,0,0,0,0,0,0
87199,"Gustavo ",1,38,0,0,0,0,0,0,0,0,0,0,0,0,0,0,0,0,0,0,0,0,0,0,0,0,0,0,0,0,0,0,0,0,0,0,0,0
87200,"Bruno ",3,38,0,0,0,0,0,0,0,0,0,0,0,0,0,0,0,0,0,0,0,0,0,0,0,0,0,0,0,0,0,0,0,0,0,0,0,0
87201,"Igor ",3,38,0,0,0,0,0,0,0,0,0,0,0,0,0,0,0,0,0,0,0,0,0,0,0,0,0,0,0,0,0,0,0,0,0,0,0,0
87202,"Lucas ",4,38,0,0,0,0,0,0,0,0,0,0,0,0,0,0,0,0,0,0,0,0,0,0,0,0,0,0,0,0,0,0,0,0,0,0,0,0
87211,"Eduardo Baptista",6,38,0,0,0,0,0,0,0,0,0,0,0,0,0,0,0,0,0,0,0,0,0,0,0,0,0,0,0,0,0,0,0,0,0,0,0,0
87213,"Pará",2,38,31,0,4,21,1,1,21,6,49,3,6,0,0,0,0,0,0,0,0.815789473684211,0,0.105263157894737,0.552631578947368,0.0263157894736842,0.0263157894736842,0.552631578947368,0.157894736842105,1.28947368421053,0.0789473684210526,0.157894736842105,0,0,0,0,0,0,0
87225,"Pedro Henrique",3,38,0,0,0,0,0,0,0,0,0,0,0,0,0,0,0,0,0,0,0,0,0,0,0,0,0,0,0,0,0,0,0,0,0,0,0,0
87226,"Fabiano",4,11,0,0,0,0,0,0,0,0,0,0,0,0,0,0,0,0,0,0,0,0,0,0,0,0,0,0,0,0,0,0,0,0,0,0,0,0
87227,"Zé Paulo",4,38,1,1,0,0,0,0,1,0,1,0,0,0,0,0,0,0,0,0,0.0263157894736842,0.0263157894736842,0,0,0,0,0.0263157894736842,0,0.0263157894736842,0,0,0,0,0,0,0,0,0
87228,"Guilherme Arana",2,38,0,0,0,0,0,0,0,0,0,0,0,0,0,0,0,0,0,0,0,0,0,0,0,0,0,0,0,0,0,0,0,0,0,0,0,0
87229,"Donato",3,3,0,0,0,0,0,0,0,0,0,0,0,0,0,0,0,0,0,0,0,0,0,0,0,0,0,0,0,0,0,0,0,0,0,0,0,0
87230,"Robson",3,38,0,0,0,0,0,0,0,0,0,0,0,0,0,0,0,0,0,0,0,0,0,0,0,0,0,0,0,0,0,0,0,0,0,0,0,0
87273,"Carlinhos",4,28,0,0,0,0,0,0,0,0,0,0,0,0,0,0,0,0,0,0,0,0,0,0,0,0,0,0,0,0,0,0,0,0,0,0,0,0
87393,"Gabriel",3,30,0,0,0,0,0,0,0,0,0,0,0,0,0,0,0,0,0,0,0,0,0,0,0,0,0,0,0,0,0,0,0,0,0,0,0,0
87399,"Mário Sérgio",2,38,17,2,6,15,0,0,9,0,16,1,4,0,0,0,0,0,0,0,0.447368421052632,0.0526315789473684,0.157894736842105,0.394736842105263,0,0,0.236842105263158,0,0.421052631578947,0.0263157894736842,0.105263157894737,0,0,0,0,0,0,0
87400,"Alex",3,38,0,0,0,0,0,0,0,0,0,0,0,0,0,0,0,0,0,0,0,0,0,0,0,0,0,0,0,0,0,0,0,0,0,0,0,0
87401,"Eurico",4,38,1,0,0,0,0,0,10,0,4,0,0,0,0,0,0,0,0,0,0.0263157894736842,0,0,0,0,0,0.263157894736842,0,0.105263157894737,0,0,0,0,0,0,0,0,0
87420,"Cristaldo",5,25,27,8,8,25,2,8,9,4,30,0,0,0,0,0,0,0,0,0,1.08,0.32,0.32,1,0.08,0.32,0.36,0.16,1.2,0,0,0,0,0,0,0,0,0
87585,"Mailson",5,27,1,1,0,4,0,0,1,0,0,0,0,0,0,0,0,0,0,0,0.037037037037037,0.037037037037037,0,0.148148148148148,0,0,0.037037037037037,0,0,0,0,0,0,0,0,0,0,0
87611,"Tiago",1,38,0,0,0,0,0,0,0,0,3,0,2,6,0,2,0,0,0,0,0,0,0,0,0,0,0,0,0.0789473684210526,0,0.0526315789473684,0.157894736842105,0,0.0526315789473684,0,0,0,0
87741,"Joelinton",5,38,13,6,3,10,2,2,3,1,10,1,0,0,2,0,0,0,0,0,0.342105263157895,0.157894736842105,0.0789473684210526,0.263157894736842,0.0526315789473684,0.0526315789473684,0.0789473684210526,0.0263157894736842,0.263157894736842,0.0263157894736842,0,0,0.0526315789473684,0,0,0,0,0
87742,"Neto",4,38,0,0,1,0,0,0,0,0,0,0,0,0,0,0,0,0,0,0,0,0,0.0263157894736842,0,0,0,0,0,0,0,0,0,0,0,0,0,0,0
87743,"Léo",4,38,0,0,0,0,0,0,0,0,0,0,0,0,0,0,0,0,0,0,0,0,0,0,0,0,0,0,0,0,0,0,0,0,0,0,0,0
87746,"Luizinho Vieira",6,4,0,0,0,0,0,0,0,0,0,0,0,0,0,0,0,0,0,0,0,0,0,0,0,0,0,0,0,0,0,0,0,0,0,0,0,0
87747,"Yago",4,38,6,0,0,3,0,0,5,1,3,0,0,0,0,0,0,0,0,0,0.157894736842105,0,0,0.0789473684210526,0,0,0.131578947368421,0.0263157894736842,0.0789473684210526,0,0,0,0,0,0,0,0,0
87935,"Cristiano",5,17,1,1,0,0,0,0,0,0,1,0,0,0,0,0,0,0,0,0,0.0588235294117647,0.0588235294117647,0,0,0,0,0,0,0.0588235294117647,0,0,0,0,0,0,0,0,0
87999,"Gustavo Scarpa",4,38,0,0,1,1,0,0,0,0,3,0,0,0,0,0,0,0,0,0,0,0,0.0263157894736842,0.0263157894736842,0,0,0,0,0.0789473684210526,0,0,0,0,0,0,0,0,0
88000,"Gabriel Ramos",4,38,0,0,0,0,0,0,0,0,0,0,0,0,0,0,0,0,0,0,0,0,0,0,0,0,0,0,0,0,0,0,0,0,0,0,0,0
88002,"Serginho",4,38,4,1,1,2,0,1,2,0,7,0,0,0,0,0,0,0,0,0,0.105263157894737,0.0263157894736842,0.0263157894736842,0.0526315789473684,0,0.0263157894736842,0.0526315789473684,0,0.184210526315789,0,0,0,0,0,0,0,0,0
88054,"Diogo Sodré",4,38,0,0,0,0,0,0,0,0,0,0,0,0,0,0,0,0,0,0,0,0,0,0,0,0,0,0,0,0,0,0,0,0,0,0,0,0
88056,"Malcom",5,38,8,10,8,26,2,6,10,1,49,0,0,0,1,0,0,0,0,0,0.210526315789474,0.263157894736842,0.210526315789474,0.684210526315789,0.0526315789473684,0.157894736842105,0.263157894736842,0.0263157894736842,1.28947368421053,0,0,0,0.0263157894736842,0,0,0,0,0
88064,"Marcos Vinícius",5,2,0,0,0,0,0,0,0,0,0,0,0,0,0,0,0,0,0,0,0,0,0,0,0,0,0,0,0,0,0,0,0,0,0,0,0,0
88065,"Jorge",2,38,0,0,0,0,0,0,0,0,0,0,0,0,0,0,0,0,0,0,0,0,0,0,0,0,0,0,0,0,0,0,0,0,0,0,0,0
88069,"Leonardo Cabeça",5,38,0,0,0,0,0,0,0,0,0,0,0,0,0,0,0,0,0,0,0,0,0,0,0,0,0,0,0,0,0,0,0,0,0,0,0,0
88075,"Jeam",5,38,3,1,1,1,0,3,1,0,1,0,0,0,0,0,0,0,0,0,0.0789473684210526,0.0263157894736842,0.0263157894736842,0.0263157894736842,0,0.0789473684210526,0.0263157894736842,0,0.0263157894736842,0,0,0,0,0,0,0,0,0
88132,"Nailson",3,38,1,0,0,0,0,0,0,0,3,0,0,0,0,0,0,0,0,0,0.0263157894736842,0,0,0,0,0,0,0,0.0789473684210526,0,0,0,0,0,0,0,0,0
88146,"Maranhão",4,38,0,0,0,0,0,0,0,0,0,0,0,0,0,0,0,0,0,0,0,0,0,0,0,0,0,0,0,0,0,0,0,0,0,0,0,0
88147,"Paulo Henrique",1,38,0,0,0,0,0,0,0,0,0,0,0,0,0,0,0,0,0,0,0,0,0,0,0,0,0,0,0,0,0,0,0,0,0,0,0,0
88156,"Jean",1,38,0,0,0,0,0,0,0,0,0,0,0,0,0,0,0,0,0,0,0,0,0,0,0,0,0,0,0,0,0,0,0,0,0,0,0,0
88166,"Felipe Caldeira",4,25,0,0,0,0,0,0,0,0,0,0,0,0,0,0,0,0,0,0,0,0,0,0,0,0,0,0,0,0,0,0,0,0,0,0,0,0
88224,"Paulo Ricardo",3,38,0,0,0,0,0,0,0,0,0,0,1,0,0,0,0,0,0,0,0,0,0,0,0,0,0,0,0,0,0.0263157894736842,0,0,0,0,0,0,0
88225,"Daniel Guedes ",2,38,3,0,0,3,0,0,6,0,5,0,2,0,0,0,0,0,0,0,0.0789473684210526,0,0,0.0789473684210526,0,0,0.157894736842105,0,0.131578947368421,0,0.0526315789473684,0,0,0,0,0,0,0
88323,"Ángel Romero",5,30,17,10,9,30,0,6,5,1,27,1,0,0,1,0,0,0,0,0,0.566666666666667,0.333333333333333,0.3,1,0,0.2,0.166666666666667,0.0333333333333333,0.9,0.0333333333333333,0,0,0.0333333333333333,0,0,0,0,0
88366,"Martín Luque",4,29,1,0,1,1,0,0,1,0,1,0,0,0,0,0,0,0,0,0,0.0344827586206897,0,0.0344827586206897,0.0344827586206897,0,0,0.0344827586206897,0,0.0344827586206897,0,0,0,0,0,0,0,0,0
88367,"Chico",5,9,1,0,0,1,0,0,1,0,2,0,0,0,0,0,0,0,0,0,0.111111111111111,0,0,0.111111111111111,0,0,0.111111111111111,0,0.222222222222222,0,0,0,0,0,0,0,0,0
88368,"Gabriel Dias",3,38,4,0,4,2,0,0,2,1,2,0,1,0,0,0,0,0,0,0,0.105263157894737,0,0.105263157894737,0.0526315789473684,0,0,0.0526315789473684,0.0263157894736842,0.0526315789473684,0,0.0263157894736842,0,0,0,0,0,0,0
88478,"Darlan",4,38,0,0,0,0,0,0,0,0,0,0,0,0,0,0,0,0,0,0,0,0,0,0,0,0,0,0,0,0,0,0,0,0,0,0,0,0
88479,"Walace",4,37,31,1,3,10,0,0,24,3,44,0,0,0,0,0,0,0,0,0,0.837837837837838,0.027027027027027,0.0810810810810811,0.27027027027027,0,0,0.648648648648649,0.0810810810810811,1.18918918918919,0,0,0,0,0,0,0,0,0
88480,"Ronan",5,37,3,0,0,1,0,0,0,0,5,0,0,0,0,0,0,0,0,0,0.0810810810810811,0,0,0.027027027027027,0,0,0,0,0.135135135135135,0,0,0,0,0,0,0,0,0
88538,"Wilson Vaterkemper",6,3,0,0,0,0,0,0,0,0,0,0,0,0,0,0,0,0,0,0,0,0,0,0,0,0,0,0,0,0,0,0,0,0,0,0,0,0
88540,"Auro",2,36,8,1,1,12,0,0,17,0,42,0,3,0,0,0,0,0,0,0,0.222222222222222,0.0277777777777778,0.0277777777777778,0.333333333333333,0,0,0.472222222222222,0,1.16666666666667,0,0.0833333333333333,0,0,0,0,0,0,0
88617,"Carlos Amadeu",6,3,0,0,0,0,0,0,0,0,0,0,0,0,0,0,0,0,0,0,0,0,0,0,0,0,0,0,0,0,0,0,0,0,0,0,0,0
88651,"Vinícius",5,35,0,0,0,0,0,0,0,0,0,0,0,0,0,0,0,0,0,0,0,0,0,0,0,0,0,0,0,0,0,0,0,0,0,0,0,0
88670,"Hyago",3,8,0,0,0,0,0,0,0,0,0,0,0,0,0,0,0,0,0,0,0,0,0,0,0,0,0,0,0,0,0,0,0,0,0,0,0,0
88671,"Guilherme",4,8,0,0,0,0,0,0,0,0,0,0,0,0,0,0,0,0,0,0,0,0,0,0,0,0,0,0,0,0,0,0,0,0,0,0,0,0
88686,"Leandro Ávila",6,7,0,0,0,0,0,0,0,0,0,0,0,0,0,0,0,0,0,0,0,0,0,0,0,0,0,0,0,0,0,0,0,0,0,0,0,0
88717,"Celso Rodrigues",6,20,0,0,0,0,0,0,0,0,0,0,0,0,0,0,0,0,0,0,0,0,0,0,0,0,0,0,0,0,0,0,0,0,0,0,0,0
88780,"Leandro",5,31,2,0,0,3,0,0,4,0,3,1,0,0,0,0,0,0,0,0,0.0645161290322581,0,0,0.0967741935483871,0,0,0.129032258064516,0,0.0967741935483871,0.032258064516129,0,0,0,0,0,0,0,0
88782,"Andrew",5,31,1,0,0,2,0,0,0,0,4,0,0,0,0,0,0,0,0,0,0.032258064516129,0,0,0.0645161290322581,0,0,0,0,0.129032258064516,0,0,0,0,0,0,0,0,0
88848,"Júnior Oliveira",1,30,0,0,0,0,0,0,0,0,0,0,0,0,0,0,0,0,0,0,0,0,0,0,0,0,0,0,0,0,0,0,0,0,0,0,0,0
88849,"João Gabriel ",4,30,0,0,0,0,0,0,0,0,0,0,0,0,0,0,0,0,0,0,0,0,0,0,0,0,0,0,0,0,0,0,0,0,0,0,0,0
88850,"Marco Damasceno ",5,30,0,0,0,5,0,0,0,0,1,0,0,0,0,0,0,0,0,0,0,0,0,0.166666666666667,0,0,0,0,0.0333333333333333,0,0,0,0,0,0,0,0,0
88866,"Eduardo Junior",4,29,0,0,0,0,0,0,0,0,0,0,0,0,0,0,0,0,0,0,0,0,0,0,0,0,0,0,0,0,0,0,0,0,0,0,0,0
88867,"Guido",1,28,0,0,0,0,0,0,0,0,0,0,0,0,0,0,0,0,0,0,0,0,0,0,0,0,0,0,0,0,0,0,0,0,0,0,0,0
88874,"Léo Cunha",2,28,0,0,0,0,0,0,0,0,0,0,0,0,0,0,0,0,0,0,0,0,0,0,0,0,0,0,0,0,0,0,0,0,0,0,0,0
88898,"André Jardine",6,2,0,0,0,0,0,0,0,0,0,0,0,0,0,0,0,0,0,0,0,0,0,0,0,0,0,0,0,0,0,0,0,0,0,0,0,0
88899,"Charles Fabian",6,9,0,0,0,0,0,0,0,0,0,0,0,0,0,0,0,0,0,0,0,0,0,0,0,0,0,0,0,0,0,0,0,0,0,0,0,0
88915,"Douglas ",5,26,3,1,1,1,0,0,0,0,1,1,0,0,0,0,0,0,0,0,0.115384615384615,0.0384615384615385,0.0384615384615385,0.0384615384615385,0,0,0,0,0.0384615384615385,0.0384615384615385,0,0,0,0,0,0,0,0
88916,"Luan Polli ",1,24,0,0,0,0,0,0,0,0,0,0,0,0,0,1,0,0,0,0,0,0,0,0,0,0,0,0,0,0,0,0,0,0.0416666666666667,0,0,0,0
88917,"Murilo Henrique",4,26,5,3,7,7,0,0,3,1,15,0,0,0,0,0,0,0,0,0,0.192307692307692,0.115384615384615,0.269230769230769,0.269230769230769,0,0,0.115384615384615,0.0384615384615385,0.576923076923077,0,0,0,0,0,0,0,0,0
88933,"Bruno Paulista",4,26,15,4,6,22,0,0,14,1,19,0,0,0,0,0,0,0,0,0,0.576923076923077,0.153846153846154,0.230769230769231,0.846153846153846,0,0,0.538461538461538,0.0384615384615385,0.730769230769231,0,0,0,0,0,0,0,0,0
88987,"Bruno Correa",5,22,7,2,3,6,0,2,3,0,14,0,0,0,0,0,0,0,0,0,0.318181818181818,0.0909090909090909,0.136363636363636,0.272727272727273,0,0.0909090909090909,0.136363636363636,0,0.636363636363636,0,0,0,0,0,0,0,0,0
89100,"Éder Bastos",6,2,0,0,0,0,0,0,0,0,0,0,0,0,0,0,0,0,0,0,0,0,0,0,0,0,0,0,0,0,0,0,0,0,0,0,0,0
89154,"Gabriel Fernando",5,19,0,0,0,0,0,0,0,0,0,0,0,0,0,0,0,0,0,0,0,0,0,0,0,0,0,0,0,0,0,0,0,0,0,0,0,0
89156,"Nathan",3,22,17,1,0,7,0,0,12,3,17,0,2,0,0,0,1,0,0,0,0.772727272727273,0.0454545454545455,0,0.318181818181818,0,0,0.545454545454545,0.136363636363636,0.772727272727273,0,0.0909090909090909,0,0,0,0.0454545454545455,0,0,0
89157,"Guilherme",2,19,0,0,0,0,0,0,0,0,0,0,0,0,0,0,0,0,0,0,0,0,0,0,0,0,0,0,0,0,0,0,0,0,0,0,0,0
89190,"Judivan ",5,21,2,0,2,2,0,0,2,0,0,1,0,0,0,0,0,0,0,0,0.0952380952380952,0,0.0952380952380952,0.0952380952380952,0,0,0.0952380952380952,0,0,0.0476190476190476,0,0,0,0,0,0,0,0
89224,"Barreto",4,18,12,0,0,4,0,0,12,2,11,0,0,0,0,0,0,0,0,0,0.666666666666667,0,0,0.222222222222222,0,0,0.666666666666667,0.111111111111111,0.611111111111111,0,0,0,0,0,0,0,0,0
89226,"Iago",3,18,2,0,1,4,0,0,3,1,8,0,0,0,0,0,0,0,0,0,0.111111111111111,0,0.0555555555555556,0.222222222222222,0,0,0.166666666666667,0.0555555555555556,0.444444444444444,0,0,0,0,0,0,0,0,0
89227,"Balbino",4,18,0,0,0,0,0,0,0,0,0,0,0,0,0,0,0,0,0,0,0,0,0,0,0,0,0,0,0,0,0,0,0,0,0,0,0,0
89253,"Andreazzi",4,20,8,1,1,10,0,0,6,2,11,0,0,0,0,0,0,0,0,0,0.4,0.05,0.05,0.5,0,0,0.3,0.1,0.55,0,0,0,0,0,0,0,0,0
89256,"Gerson",4,17,0,0,0,0,0,0,0,0,0,0,0,0,0,0,0,0,0,0,0,0,0,0,0,0,0,0,0,0,0,0,0,0,0,0,0,0
89257,"Breno",2,19,0,0,0,0,0,0,0,0,0,0,0,0,0,0,0,0,0,0,0,0,0,0,0,0,0,0,0,0,0,0,0,0,0,0,0,0
89258,"Daniel",1,11,0,0,0,0,0,0,0,0,0,0,0,1,0,1,0,0,0,0,0,0,0,0,0,0,0,0,0,0,0,0.0909090909090909,0,0.0909090909090909,0,0,0,0
89273,"João Pedro ",2,18,31,4,3,12,1,0,23,1,46,0,3,0,0,0,0,0,0,0,1.72222222222222,0.222222222222222,0.166666666666667,0.666666666666667,0.0555555555555556,0,1.27777777777778,0.0555555555555556,2.55555555555556,0,0.166666666666667,0,0,0,0,0,0,0
89275,"William",4,18,0,0,0,0,0,0,0,0,0,0,0,0,0,0,0,0,0,0,0,0,0,0,0,0,0,0,0,0,0,0,0,0,0,0,0,0
89285,"Matheus Sales",4,18,0,0,0,0,0,0,0,0,0,0,0,0,0,0,0,0,0,0,0,0,0,0,0,0,0,0,0,0,0,0,0,0,0,0,0,0
89306,"Paulinho",4,17,0,0,0,1,0,0,0,0,2,0,0,0,0,0,0,0,0,0,0,0,0,0.0588235294117647,0,0,0,0,0.117647058823529,0,0,0,0,0,0,0,0,0
89341,"Nicolas Careca",5,16,0,0,0,2,0,0,2,0,2,0,0,0,0,0,0,0,0,0,0,0,0,0.125,0,0,0.125,0,0.125,0,0,0,0,0,0,0,0,0
89342,"Caju",2,16,13,4,2,12,0,0,25,1,33,2,4,0,0,0,0,0,0,0,0.8125,0.25,0.125,0.75,0,0,1.5625,0.0625,2.0625,0.125,0.25,0,0,0,0,0,0,0
89343,"Júnior",2,11,0,0,0,0,0,0,0,0,0,0,0,0,0,0,0,0,0,0,0,0,0,0,0,0,0,0,0,0,0,0,0,0,0,0,0,0
89371,"Rômulo",4,14,0,0,0,2,1,0,3,0,7,0,0,0,0,0,0,0,0,0,0,0,0,0.142857142857143,0.0714285714285714,0,0.214285714285714,0,0.5,0,0,0,0,0,0,0,0,0
89444,"Hugo Ragelli",5,14,0,0,0,0,2,2,0,0,0,0,0,0,0,0,0,0,0,0,0,0,0,0,0.142857142857143,0.142857142857143,0,0,0,0,0,0,0,0,0,0,0,0
89445,"Yuri",5,14,1,0,0,2,0,0,1,0,5,0,0,0,0,0,0,0,0,0,0.0714285714285714,0,0,0.142857142857143,0,0,0.0714285714285714,0,0.357142857142857,0,0,0,0,0,0,0,0,0
89466,"Horácio",4,14,0,0,0,0,0,0,0,0,0,0,0,0,0,0,0,0,0,0,0,0,0,0,0,0,0,0,0,0,0,0,0,0,0,0,0,0
89467,"Erick Samuel",4,11,0,0,0,0,0,0,0,0,0,0,0,0,0,0,0,0,0,0,0,0,0,0,0,0,0,0,0,0,0,0,0,0,0,0,0,0
89468,"Erik",5,11,4,0,1,3,0,0,1,0,3,0,0,0,0,0,0,0,0,0,0.363636363636364,0,0.0909090909090909,0.272727272727273,0,0,0.0909090909090909,0,0.272727272727273,0,0,0,0,0,0,0,0,0
89479,"Gustavo Tocantins",5,13,1,2,2,2,0,0,0,0,3,0,0,0,0,0,0,0,0,0,0.0769230769230769,0.153846153846154,0.153846153846154,0.153846153846154,0,0,0,0,0.230769230769231,0,0,0,0,0,0,0,0,0
89492,"Saulo",1,11,0,0,0,0,0,0,0,0,0,0,0,0,0,0,0,0,0,0,0,0,0,0,0,0,0,0,0,0,0,0,0,0,0,0,0,0
89493,"Igor Rabello",3,11,0,0,0,0,0,0,0,0,0,0,0,0,0,0,0,0,0,0,0,0,0,0,0,0,0,0,0,0,0,0,0,0,0,0,0,0
89494,"Leandro Vicentin",3,11,0,0,0,0,0,0,0,0,0,0,0,0,0,0,0,0,0,0,0,0,0,0,0,0,0,0,0,0,0,0,0,0,0,0,0,0
89606,"Felipe Saturnino",2,10,7,0,2,7,0,1,7,1,17,0,3,0,0,0,0,0,0,0,0.7,0,0.2,0.7,0,0.1,0.7,0.1,1.7,0,0.3,0,0,0,0,0,0,0
89637,"Thiago Maia",4,8,1,0,0,0,0,0,1,0,0,0,0,0,0,0,0,0,0,0,0.125,0,0,0,0,0,0.125,0,0,0,0,0,0,0,0,0,0,0
89676,"Nickson",4,7,1,0,0,0,0,0,0,0,0,0,0,0,0,0,0,0,0,0,0.142857142857143,0,0,0,0,0,0,0,0,0,0,0,0,0,0,0,0,0
89677,"Fernandinho",4,7,0,0,0,0,0,0,0,0,0,0,0,0,0,0,0,0,0,0,0,0,0,0,0,0,0,0,0,0,0,0,0,0,0,0,0,0
89681,"Mateus Muller",2,7,0,0,0,0,0,0,0,0,0,0,0,0,0,0,0,0,0,0,0,0,0,0,0,0,0,0,0,0,0,0,0,0,0,0,0,0
89694,"James Dean",5,1,0,0,0,1,0,0,0,0,0,0,0,0,0,0,0,0,0,0,0,0,0,1,0,0,0,0,0,0,0,0,0,0,0,0,0,0
89815,"Gustavo Ferrareis",4,2,1,1,0,0,0,0,0,0,0,0,0,0,0,0,0,0,0,0,0.5,0.5,0,0,0,0,0,0,0,0,0,0,0,0,0,0,0,0
89883,"Dodi",4,5,0,0,0,4,0,0,2,0,5,0,0,0,0,0,0,0,0,0,0,0,0,0.8,0,0,0.4,0,1,0,0,0,0,0,0,0,0,0
89884,"Kalil",5,5,0,0,1,1,0,0,0,0,0,0,0,0,0,0,0,0,0,0,0,0,0.2,0.2,0,0,0,0,0,0,0,0,0,0,0,0,0,0
89885,"Leandro",4,4,0,0,0,0,0,0,0,0,0,0,0,0,0,0,0,0,0,0,0,0,0,0,0,0,0,0,0,0,0,0,0,0,0,0,0,0
89896,"Cleiton",2,4,0,0,0,0,0,0,0,0,0,0,0,0,0,0,0,0,0,0,0,0,0,0,0,0,0,0,0,0,0,0,0,0,0,0,0,0
89897,"Ronaldo",1,4,0,0,0,0,0,0,0,0,0,0,0,0,0,0,0,0,0,0,0,0,0,0,0,0,0,0,0,0,0,0,0,0,0,0,0,0
89898,"Roger",5,4,2,1,0,2,1,1,1,0,12,1,0,0,0,0,0,0,0,0,0.5,0.25,0,0.5,0.25,0.25,0.25,0,3,0.25,0,0,0,0,0,0,0,0
89914,"Gabriel ",4,2,0,0,0,0,0,0,0,0,1,0,0,0,0,0,0,0,0,0,0,0,0,0,0,0,0,0,0.5,0,0,0,0,0,0,0,0,0
89921,"Maikon",5,2,3,0,1,3,0,2,0,1,2,0,0,0,0,0,0,0,0,0,1.5,0,0.5,1.5,0,1,0,0.5,1,0,0,0,0,0,0,0,0,0
89924,"Bruno",4,2,2,0,0,0,0,0,0,0,2,0,0,0,0,0,0,0,0,0,1,0,0,0,0,0,0,0,1,0,0,0,0,0,0,0,0,0
89932,"JacÃ³",5,1,0,0,0,1,0,0,0,0,0,0,0,0,0,0,0,0,0,0,0,0,0,1,0,0,0,0,0,0,0,0,0,0,0,0,0,0
89975,"Rodolfo",1,1,0,0,0,0,0,0,0,0,0,0,0,0,0,0,0,0,0,0,0,0,0,0,0,0,0,0,0,0,0,0,0,0,0,0,0,0
89977,"Bruno Santos",2,1,0,0,0,0,0,0,0,0,0,0,0,0,0,0,0,0,0,0,0,0,0,0,0,0,0,0,0,0,0,0,0,0,0,0,0,0
